"obs_id" "Zt" "vtime"
"1" 1 -0.189178498904983 0.1
"2" 1 -0.224158748003105 0.2
"9" 1 -0.469020491689956 0.9
"10" 1 -0.504000740788078 1
"11" 1 -0.538980989886199 1.1
"12" 1 -0.573961238984321 1.2
"14" 2 0.0969786631284961 0.2
"16" 2 0.0579316348926306 0.4
"17" 2 0.0384081207746978 0.5
"18" 2 0.018884606656765 0.6
"20" 2 -0.0201624215791005 0.8
"22" 2 -0.059209449814966 1
"24" 2 -0.0982564780508316 1.2
"25" 3 -0.050334887362789 0.1
"27" 3 -0.0970471185283725 0.3
"28" 3 -0.120403234111164 0.4
"31" 3 -0.190471580859539 0.7
"32" 3 -0.213827696442331 0.8
"33" 3 -0.237183812025123 0.9
"34" 3 -0.260539927607915 1
"35" 3 -0.283896043190707 1.1
"36" 3 -0.307252158773498 1.2
"37" 4 0.147238425479801 0.1
"38" 4 0.129785744101997 0.2
"39" 4 0.112333062724193 0.3
"42" 4 0.0599750185907807 0.6
"50" 5 -0.0914343657528739 0.2
"52" 5 -0.159684869280146 0.4
"54" 5 -0.227935372807417 0.6
"55" 5 -0.262060624571053 0.7
"63" 6 -0.586915887185216 0.3
"64" 6 -0.62443986322228 0.4
"66" 6 -0.699487815296407 0.6
"67" 6 -0.737011791333471 0.7
"68" 6 -0.774535767370535 0.8
"69" 6 -0.812059743407599 0.9
"70" 6 -0.849583719444663 1
"71" 6 -0.887107695481726 1.1
"72" 6 -0.92463167151879 1.2
"73" 7 -0.0389517383034059 0.1
"75" 7 -0.103460088275003 0.3
"76" 7 -0.135714263260801 0.4
"78" 7 -0.200222613232399 0.6
"79" 7 -0.232476788218197 0.7
"82" 7 -0.329239313175593 1
"83" 7 -0.361493488161391 1.1
"84" 7 -0.39374766314719 1.2
"87" 8 0.21618503269118 0.3
"89" 8 0.194002808715352 0.5
"90" 8 0.182911696727438 0.6
"91" 8 0.171820584739525 0.7
"98" 9 -0.262221157637804 0.2
"99" 9 -0.299689731920257 0.3
"100" 9 -0.337158306202709 0.4
"103" 9 -0.449564029050068 0.7
"112" 10 0.089697831407016 0.4
"121" 11 -0.503985584109514 0.1
"122" 11 -0.540894621118472 0.2
"123" 11 -0.57780365812743 0.3
"124" 11 -0.614712695136388 0.4
"125" 11 -0.651621732145346 0.5
"126" 11 -0.688530769154303 0.6
"127" 11 -0.725439806163261 0.7
"130" 11 -0.836166917190135 1
"131" 11 -0.873075954199093 1.1
"133" 12 0.0690908337271381 0.1
"134" 12 0.0465092624211161 0.2
"142" 12 -0.13414330802706 1
"144" 12 -0.179306450639104 1.2
"146" 13 -0.394323120016875 0.2
"147" 13 -0.432714220941605 0.3
"148" 13 -0.471105321866336 0.4
"149" 13 -0.509496422791066 0.5
"150" 13 -0.547887523715797 0.6
"151" 13 -0.586278624640527 0.7
"152" 13 -0.624669725565258 0.8
"153" 13 -0.663060826489988 0.9
"154" 13 -0.701451927414718 1
"155" 13 -0.739843028339449 1.1
"156" 13 -0.778234129264179 1.2
"158" 14 -0.0623563693956932 0.2
"159" 14 -0.08717898121424 0.3
"161" 14 -0.136824204851334 0.5
"164" 14 -0.211292040306974 0.8
"165" 14 -0.236114652125521 0.9
"167" 14 -0.285759875762615 1.1
"168" 14 -0.310582487581162 1.2
"169" 15 0.166342412027874 0.1
"170" 15 0.150050207109453 0.2
"171" 15 0.133758002191032 0.3
"172" 15 0.117465797272611 0.4
"173" 15 0.10117359235419 0.5
"174" 15 0.0848813874357692 0.6
"175" 15 0.0685891825173483 0.7
"176" 15 0.0522969775989275 0.8
"177" 15 0.0360047726805066 0.9
"183" 16 -0.504619970522043 0.3
"184" 16 -0.539654142233166 0.4
"185" 16 -0.574688313944289 0.5
"187" 16 -0.644756657366534 0.7
"188" 16 -0.679790829077657 0.8
"189" 16 -0.71482500078878 0.9
"190" 16 -0.749859172499903 1
"192" 16 -0.819927515922148 1.2
"194" 17 -0.151289427504048 0.2
"195" 17 -0.172469786905921 0.3
"197" 17 -0.214830505709667 0.5
"199" 17 -0.257191224513413 0.7
"200" 17 -0.278371583915286 0.8
"201" 17 -0.299551943317159 0.9
"202" 17 -0.320732302719032 1
"204" 17 -0.363093021522778 1.2
"205" 18 0.323972398194141 0.1
"206" 18 0.314947253305833 0.2
"207" 18 0.305922108417525 0.3
"208" 18 0.296896963529217 0.4
"217" 19 0.429225168005575 0.1
"218" 19 0.405290880540466 0.2
"221" 19 0.333488018145139 0.5
"225" 19 0.237750868284702 0.9
"226" 19 0.213816580819593 1
"229" 20 0.309599310264358 0.1
"232" 20 0.292393750610954 0.4
"233" 20 0.286658564059819 0.5
"244" 21 -0.242949689624744 0.4
"245" 21 -0.274516210774891 0.5
"247" 21 -0.337649253075185 0.7
"248" 21 -0.369215774225332 0.8
"250" 21 -0.432348816525626 1
"251" 21 -0.463915337675773 1.1
"252" 21 -0.495481858825919 1.2
"254" 22 -0.237204369708576 0.2
"255" 22 -0.270780269985355 0.3
"256" 22 -0.304356170262134 0.4
"258" 22 -0.371507970815693 0.6
"259" 22 -0.405083871092472 0.7
"261" 22 -0.47223567164603 0.9
"264" 22 -0.572963372476368 1.2
"266" 23 -0.264707970288999 0.2
"273" 23 -0.558243131049497 0.9
"274" 23 -0.600176725443853 1
"277" 24 0.290192444480157 0.1
"278" 24 0.277661723808856 0.2
"279" 24 0.265131003137555 0.3
"282" 24 0.227538841123652 0.6
"283" 24 0.215008120452352 0.7
"285" 24 0.18994667910975 0.9
"288" 24 0.152354517095847 1.2
"289" 25 -0.403271930913452 0.1
"291" 25 -0.473939039366396 0.3
"293" 25 -0.54460614781934 0.5
"295" 25 -0.615273256272284 0.7
"296" 25 -0.650606810498756 0.8
"298" 25 -0.7212739189517 1
"301" 26 -0.124118728778213 0.1
"302" 26 -0.161391134976007 0.2
"303" 26 -0.198663541173802 0.3
"304" 26 -0.235935947371596 0.4
"305" 26 -0.27320835356939 0.5
"306" 26 -0.310480759767184 0.6
"308" 26 -0.385025572162772 0.8
"309" 26 -0.422297978360566 0.9
"311" 26 -0.496842790756154 1.1
"313" 27 -0.0396624837347982 0.1
"315" 27 -0.0920510820951659 0.3
"319" 27 -0.196828278815901 0.7
"322" 27 -0.275411176356453 1
"325" 28 0.0544474222969758 0.1
"326" 28 0.0321977068415118 0.2
"327" 28 0.00994799138604778 0.3
"328" 28 -0.0123017240694162 0.4
"329" 28 -0.0345514395248802 0.5
"330" 28 -0.0568011549803442 0.6
"331" 28 -0.0790508704358082 0.7
"333" 28 -0.123550301346736 0.9
"334" 28 -0.1458000168022 1
"337" 29 0.113243866796076 0.1
"339" 29 0.0587190489589401 0.3
"340" 29 0.0314566400403719 0.4
"341" 29 0.00419423112180378 0.5
"342" 29 -0.0230681777967644 0.6
"343" 29 -0.0503305867153325 0.7
"344" 29 -0.0775929956339007 0.8
"345" 29 -0.104855404552469 0.9
"347" 29 -0.159380222389605 1.1
"348" 29 -0.186642631308173 1.2
"351" 30 -0.141646863105118 0.3
"352" 30 -0.162795658146809 0.4
"354" 30 -0.20509324823019 0.6
"355" 30 -0.226242043271881 0.7
"356" 30 -0.247390838313571 0.8
"357" 30 -0.268539633355262 0.9
"359" 30 -0.310837223438643 1.1
"361" 31 -0.259526358465336 0.1
"363" 31 -0.321505721922865 0.3
"366" 31 -0.414474767109158 0.6
"367" 31 -0.445464448837923 0.7
"368" 31 -0.476454130566687 0.8
"369" 31 -0.507443812295452 0.9
"370" 31 -0.538433494024216 1
"371" 31 -0.569423175752981 1.1
"372" 31 -0.600412857481745 1.2
"374" 32 -0.0999888534587945 0.2
"379" 32 -0.220599698965825 0.7
"381" 32 -0.268844037168637 0.9
"386" 33 0.43815639509363 0.2
"387" 33 0.43795951846856 0.3
"389" 33 0.437565765218419 0.5
"391" 33 0.437172011968278 0.7
"392" 33 0.436975135343207 0.8
"400" 34 -0.344125338249874 0.4
"401" 34 -0.373830505650928 0.5
"404" 34 -0.462946007854091 0.8
"406" 34 -0.522356342656199 1
"407" 34 -0.552061510057253 1.1
"410" 35 0.291872354759939 0.2
"411" 35 0.279194993651736 0.3
"412" 35 0.266517632543532 0.4
"414" 35 0.241162910327125 0.6
"421" 36 -0.0995708063080269 0.1
"424" 36 -0.206169009182789 0.4
"425" 36 -0.241701743474377 0.5
"429" 36 -0.383832680640727 0.9
"430" 36 -0.419365414932314 1
"432" 36 -0.490430883515489 1.2
"433" 37 -0.55064060739676 0.1
"434" 37 -0.592998460522141 0.2
"435" 37 -0.635356313647522 0.3
"436" 37 -0.677714166772903 0.4
"437" 37 -0.720072019898284 0.5
"439" 37 -0.804787726149046 0.7
"440" 37 -0.847145579274427 0.8
"447" 38 -0.224289714105462 0.3
"448" 38 -0.257104745155112 0.4
"450" 38 -0.322734807254412 0.6
"452" 38 -0.388364869353712 0.8
"454" 38 -0.453994931453012 1
"457" 39 0.0259696341655409 0.1
"459" 39 -0.0185344784237101 0.3
"460" 39 -0.0407865347183356 0.4
"461" 39 -0.0630385910129611 0.5
"462" 39 -0.0852906473075865 0.6
"463" 39 -0.107542703602212 0.7
"464" 39 -0.129794759896838 0.8
"466" 39 -0.174298872486088 1
"467" 39 -0.196550928780714 1.1
"469" 40 -0.286082931177705 0.1
"471" 40 -0.350597613457002 0.3
"472" 40 -0.382854954596651 0.4
"475" 40 -0.479626978015597 0.7
"476" 40 -0.511884319155245 0.8
"477" 40 -0.544141660294894 0.9
"479" 40 -0.608656342574191 1.1
"480" 40 -0.64091368371384 1.2
"482" 41 0.0888613111856198 0.2
"483" 41 0.0598053276310154 0.3
"484" 41 0.030749344076411 0.4
"485" 41 0.00169336052180658 0.5
"487" 41 -0.0564186065874022 0.7
"488" 41 -0.0854745901420067 0.8
"491" 41 -0.17264254080582 1.1
"493" 42 0.121117099131184 0.1
"494" 42 0.0942185441428923 0.2
"495" 42 0.0673199891546002 0.3
"498" 42 -0.0133756758102762 0.6
"499" 42 -0.0402742307985684 0.7
"500" 42 -0.0671727857868606 0.8
"504" 42 -0.174767005740029 1.2
"505" 43 0.126165236072088 0.1
"511" 43 0.0364111317688198 0.7
"512" 43 0.0214521143849417 0.8
"514" 43 -0.00846592038281438 1
"518" 44 0.137114778940289 0.2
"519" 44 0.118434559048825 0.3
"522" 44 0.0623938993744334 0.6
"524" 44 0.0250334595915056 0.8
"525" 44 0.00635323970004176 0.9
"526" 44 -0.0123269801914221 1
"530" 45 -0.056059268914228 0.2
"531" 45 -0.0813307396294428 0.3
"532" 45 -0.106602210344658 0.4
"534" 45 -0.157145151775087 0.6
"535" 45 -0.182416622490302 0.7
"536" 45 -0.207688093205517 0.8
"537" 45 -0.232959563920732 0.9
"538" 45 -0.258231034635946 1
"539" 45 -0.283502505351161 1.1
"540" 45 -0.308773976066376 1.2
"543" 46 -0.408909184998355 0.3
"544" 46 -0.445413729508149 0.4
"545" 46 -0.481918274017942 0.5
"548" 46 -0.591431907547323 0.8
"549" 46 -0.627936452057117 0.9
"553" 47 0.25609827061233 0.1
"556" 47 0.205636325282347 0.4
"565" 48 -0.169387845724636 0.1
"566" 48 -0.211715659189866 0.2
"569" 48 -0.338699099585556 0.5
"572" 48 -0.465682539981246 0.8
"574" 48 -0.550338166911706 1
"577" 49 -0.0599871690744753 0.1
"578" 49 -0.0936080065460136 0.2
"579" 49 -0.127228844017552 0.3
"580" 49 -0.16084968148909 0.4
"581" 49 -0.194470518960628 0.5
"586" 49 -0.36257470631832 1
"589" 50 -0.0249788092514068 0.1
"590" 50 -0.0521990849960723 0.2
"592" 50 -0.106639636485403 0.4
"593" 50 -0.133859912230069 0.5
"594" 50 -0.161080187974734 0.6
"596" 50 -0.215520739464065 0.8
"597" 50 -0.242741015208731 0.9
"598" 50 -0.269961290953396 1
"602" 51 0.0550348592030342 0.2
"603" 51 0.0338783146355749 0.3
"604" 51 0.0127217700681156 0.4
"607" 51 -0.0507478636342623 0.7
"608" 51 -0.0719044082017217 0.8
"611" 51 -0.1353740419041 1.1
"612" 51 -0.156530586471559 1.2
"614" 52 -0.311327355104513 0.2
"615" 52 -0.362661324731831 0.3
"616" 52 -0.41399529435915 0.4
"617" 52 -0.465329263986469 0.5
"622" 52 -0.721999112123063 1
"624" 52 -0.824667051377701 1.2
"627" 53 0.131330047798411 0.3
"628" 53 0.115634043398423 0.4
"629" 53 0.0999380389984353 0.5
"630" 53 0.0842420345984474 0.6
"633" 53 0.0371540213984838 0.9
"635" 53 0.00576201259850806 1.1
"637" 54 -0.25099550422205 0.1
"640" 54 -0.36975013220422 0.4
"642" 54 -0.448919884192334 0.6
"643" 54 -0.488504760186391 0.7
"644" 54 -0.528089636180448 0.8
"647" 54 -0.646844264162618 1.1
"648" 54 -0.686429140156675 1.2
"649" 55 -0.15632917751048 0.1
"651" 55 -0.213749750783896 0.3
"652" 55 -0.242460037420603 0.4
"654" 55 -0.299880610694019 0.6
"655" 55 -0.328590897330727 0.7
"657" 55 -0.386011470604142 0.9
"659" 55 -0.443432043877558 1.1
"661" 56 -0.0313012973134384 0.1
"662" 56 -0.0613440906507458 0.2
"666" 56 -0.181515263999975 0.6
"667" 56 -0.211558057337283 0.7
"668" 56 -0.24160085067459 0.8
"671" 56 -0.331729230686512 1.1
"672" 56 -0.36177202402382 1.2
"673" 57 -0.122203537445082 0.1
"674" 57 -0.140697429377587 0.2
"679" 57 -0.233166889040113 0.7
"682" 57 -0.288648564837628 1
"683" 57 -0.307142456770134 1.1
"684" 57 -0.325636348702639 1.2
"685" 58 -0.206846756707219 0.1
"686" 58 -0.242595633358713 0.2
"690" 58 -0.385591139964688 0.6
"692" 58 -0.457088893267675 0.8
"699" 59 -0.00631455102337811 0.3
"700" 59 -0.0282461911226238 0.4
"701" 59 -0.0501778312218694 0.5
"702" 59 -0.0721094713211151 0.6
"705" 59 -0.137904391618852 0.9
"707" 59 -0.181767671817343 1.1
"709" 60 0.0440543681847662 0.1
"712" 60 -0.0134891950769829 0.4
"714" 60 -0.0518515705848155 0.6
"715" 60 -0.0710327583387319 0.7
"716" 60 -0.0902139460926483 0.8
"717" 60 -0.109395133846565 0.9
"718" 60 -0.128576321600481 1
"719" 60 -0.147757509354397 1.1
"720" 60 -0.166938697108314 1.2
"721" 61 0.140609397006305 0.1
"722" 61 0.125420006490602 0.2
"723" 61 0.1102306159749 0.3
"725" 61 0.0798518349434947 0.5
"726" 61 0.0646624444277921 0.6
"727" 61 0.0494730539120896 0.7
"728" 61 0.034283663396387 0.8
"729" 61 0.0190942728806844 0.9
"731" 61 -0.0112845081507207 1.1
"732" 61 -0.0264738986664232 1.2
"733" 62 -0.379122239713532 0.1
"734" 62 -0.414786069566149 0.2
"735" 62 -0.450449899418767 0.3
"737" 62 -0.521777559124002 0.5
"739" 62 -0.593105218829237 0.7
"740" 62 -0.628769048681854 0.8
"741" 62 -0.664432878534472 0.9
"744" 62 -0.771424368092325 1.2
"745" 63 0.115957905253618 0.1
"746" 63 0.0980179927506382 0.2
"748" 63 0.0621381677446795 0.4
"751" 63 0.00831843023574136 0.7
"752" 63 -0.00962148226723802 0.8
"754" 63 -0.0455013072731968 1
"758" 64 -0.302498353200104 0.2
"763" 64 -0.47845024973808 0.7
"764" 64 -0.513640629045675 0.8
"765" 64 -0.54883100835327 0.9
"767" 64 -0.61921176696846 1.1
"769" 65 0.145432555118302 0.1
"770" 65 0.135422919504938 0.2
"771" 65 0.125413283891574 0.3
"774" 65 0.0953843770514806 0.6
"775" 65 0.0853747414381162 0.7
"781" 66 -0.0227391911702909 0.1
"784" 66 -0.087237929573722 0.4
"786" 66 -0.130237088509343 0.6
"790" 66 -0.216235406380584 1
"792" 66 -0.259234565316205 1.2
"793" 67 -0.19188547668343 0.1
"795" 67 -0.244048920607234 0.3
"796" 67 -0.270130642569136 0.4
"797" 67 -0.296212364531038 0.5
"799" 67 -0.348375808454842 0.7
"800" 67 -0.374457530416745 0.8
"802" 67 -0.426620974340549 1
"804" 67 -0.478784418264353 1.2
"806" 68 0.274130404747574 0.2
"807" 68 0.250759686312718 0.3
"808" 68 0.227388967877862 0.4
"809" 68 0.204018249443006 0.5
"810" 68 0.180647531008149 0.6
"812" 68 0.133906094138437 0.8
"818" 69 -0.439421163775517 0.2
"819" 69 -0.47889775567911 0.3
"820" 69 -0.518374347582703 0.4
"821" 69 -0.557850939486296 0.5
"823" 69 -0.636804123293481 0.7
"824" 69 -0.676280715197074 0.8
"825" 69 -0.715757307100667 0.9
"829" 70 -0.00734317319953338 0.1
"830" 70 -0.0323885469836625 0.2
"831" 70 -0.0574339207677916 0.3
"833" 70 -0.10752466833605 0.5
"834" 70 -0.132570042120179 0.6
"836" 70 -0.182660789688437 0.8
"837" 70 -0.207706163472566 0.9
"838" 70 -0.232751537256696 1
"839" 70 -0.257796911040825 1.1
"840" 70 -0.282842284824954 1.2
"842" 71 -0.53617758269892 0.2
"843" 71 -0.574196821387473 0.3
"844" 71 -0.612216060076025 0.4
"848" 71 -0.764293014830234 0.8
"854" 72 0.214615944019301 0.2
"857" 72 0.170545592722862 0.5
"858" 72 0.155855475624049 0.6
"860" 72 0.126475241426423 0.8
"865" 73 -0.104394910134199 0.1
"866" 73 -0.144990976016336 0.2
"868" 73 -0.226183107780608 0.4
"869" 73 -0.266779173662745 0.5
"870" 73 -0.307375239544881 0.6
"871" 73 -0.347971305427017 0.7
"875" 73 -0.510355568955563 1.1
"876" 73 -0.550951634837699 1.2
"878" 74 -0.0862284031388864 0.2
"880" 74 -0.144710607252658 0.4
"881" 74 -0.173951709309543 0.5
"882" 74 -0.203192811366429 0.6
"886" 74 -0.320157219593971 1
"890" 75 -0.0978292646578299 0.2
"891" 75 -0.133231519446491 0.3
"895" 75 -0.274840538601136 0.7
"896" 75 -0.310242793389797 0.8
"898" 75 -0.381047302967119 1
"900" 75 -0.451851812544442 1.2
"902" 76 0.173527973915929 0.2
"913" 77 -0.190102555360855 0.1
"916" 77 -0.281037488138341 0.4
"917" 77 -0.311349132397502 0.5
"918" 77 -0.341660776656664 0.6
"919" 77 -0.371972420915826 0.7
"921" 77 -0.432595709434149 0.9
"922" 77 -0.462907353693311 1
"923" 77 -0.493218997952473 1.1
"924" 77 -0.523530642211635 1.2
"925" 78 -0.134332580819795 0.1
"926" 78 -0.169326782799904 0.2
"927" 78 -0.204320984780013 0.3
"928" 78 -0.239315186760123 0.4
"934" 78 -0.449280398640778 1
"935" 78 -0.484274600620888 1.1
"936" 78 -0.519268802600997 1.2
"942" 79 -0.0948721894858048 0.6
"944" 79 -0.111175799310164 0.8
"945" 79 -0.119327604222343 0.9
"948" 79 -0.143783018958882 1.2
"950" 80 -0.0765578682825127 0.2
"953" 80 -0.184295052830571 0.5
"954" 80 -0.220207447679924 0.6
"956" 80 -0.29203223737863 0.8
"957" 80 -0.327944632227983 0.9
"962" 81 -0.0425157545862845 0.2
"963" 81 -0.0566791465582799 0.3
"964" 81 -0.0708425385302753 0.4
"965" 81 -0.0850059305022707 0.5
"966" 81 -0.0991693224742661 0.6
"967" 81 -0.113332714446262 0.7
"968" 81 -0.127496106418257 0.8
"969" 81 -0.141659498390252 0.9
"970" 81 -0.155822890362248 1
"975" 82 -0.174913836369901 0.3
"978" 82 -0.292660593826044 0.6
"979" 82 -0.331909512978092 0.7
"980" 82 -0.37115843213014 0.8
"981" 82 -0.410407351282187 0.9
"982" 82 -0.449656270434235 1
"984" 82 -0.52815410873833 1.2
"989" 83 -0.495431300034647 0.5
"990" 83 -0.540267944365795 0.6
"991" 83 -0.585104588696943 0.7
"992" 83 -0.629941233028091 0.8
"994" 83 -0.719614521690387 1
"995" 83 -0.764451166021535 1.1
"997" 84 0.123806862971617 0.1
"998" 84 0.086905310406628 0.2
"999" 84 0.050003757841639 0.3
"1000" 84 0.01310220527665 0.4
"1001" 84 -0.0237993472883389 0.5
"1004" 84 -0.134504004983306 0.8
"1007" 84 -0.245208662678273 1.1
"1008" 84 -0.282110215243262 1.2
"1010" 85 -0.0639086306970823 0.2
"1012" 85 -0.109446388925442 0.4
"1014" 85 -0.154984147153802 0.6
"1019" 85 -0.268828542724701 1.1
"1020" 85 -0.29159742183888 1.2
"1022" 86 -0.183694782648346 0.2
"1023" 86 -0.214556462658025 0.3
"1027" 86 -0.338003182696744 0.7
"1028" 86 -0.368864862706424 0.8
"1032" 86 -0.492311582745143 1.2
"1033" 87 0.186778774804019 0.1
"1034" 87 0.195973318186093 0.2
"1035" 87 0.205167861568168 0.3
"1036" 87 0.214362404950243 0.4
"1037" 87 0.223556948332318 0.5
"1038" 87 0.232751491714392 0.6
"1040" 87 0.251140578478542 0.8
"1041" 87 0.260335121860617 0.9
"1042" 87 0.269529665242691 1
"1046" 88 -0.0754568897070278 0.2
"1048" 88 -0.115609392750262 0.4
"1049" 88 -0.135685644271879 0.5
"1050" 88 -0.155761895793496 0.6
"1054" 88 -0.236066901879964 1
"1057" 89 0.0459276960967366 0.1
"1059" 89 0.000223878962428412 0.3
"1060" 89 -0.0226280296047257 0.4
"1062" 89 -0.0683318467390338 0.6
"1064" 89 -0.114035663873342 0.8
"1065" 89 -0.136887572440496 0.9
"1067" 89 -0.182591389574804 1.1
"1068" 89 -0.205443298141958 1.2
"1070" 90 -0.295773926816739 0.2
"1071" 90 -0.32883264612654 0.3
"1073" 90 -0.394950084746142 0.5
"1074" 90 -0.428008804055943 0.6
"1075" 90 -0.461067523365744 0.7
"1076" 90 -0.494126242675545 0.8
"1077" 90 -0.527184961985346 0.9
"1078" 90 -0.560243681295147 1
"1079" 90 -0.593302400604948 1.1
"1083" 91 0.186458300593839 0.3
"1084" 91 0.171031364684009 0.4
"1087" 91 0.124750556954519 0.7
"1088" 91 0.109323621044689 0.8
"1091" 91 0.0630428133151986 1.1
"1092" 91 0.0476158774053685 1.2
"1094" 92 -0.0528990006113694 0.2
"1095" 92 -0.0820496678625171 0.3
"1096" 92 -0.111200335113665 0.4
"1097" 92 -0.140351002364812 0.5
"1098" 92 -0.16950166961596 0.6
"1099" 92 -0.198652336867108 0.7
"1105" 93 -0.109012775167127 0.1
"1107" 93 -0.182681096672785 0.3
"1110" 93 -0.293183578931271 0.6
"1112" 93 -0.366851900436929 0.8
"1113" 93 -0.403686061189758 0.9
"1114" 93 -0.440520221942586 1
"1115" 93 -0.477354382695415 1.1
"1118" 94 0.0285571797454459 0.2
"1120" 94 -0.0226192128239535 0.4
"1122" 94 -0.0737956053933529 0.6
"1123" 94 -0.0993838016780526 0.7
"1125" 94 -0.150560194247452 0.9
"1127" 94 -0.201736586816851 1.1
"1129" 95 0.110417071975473 0.1
"1133" 95 0.014516940455578 0.5
"1134" 95 -0.00945809242439571 0.6
"1135" 95 -0.0334331253043694 0.7
"1136" 95 -0.0574081581843431 0.8
"1137" 95 -0.0813831910643167 0.9
"1138" 95 -0.10535822394429 1
"1139" 95 -0.129333256824264 1.1
"1140" 95 -0.153308289704238 1.2
"1141" 96 0.102356609080657 0.1
"1144" 96 0.0419519582141238 0.4
"1146" 96 0.00168219096976849 0.6
"1147" 96 -0.0184526926524092 0.7
"1150" 96 -0.0788573435189422 1
"1151" 96 -0.0989922271411199 1.1
"1152" 96 -0.119127110763298 1.2
"1154" 97 -0.191524272829101 0.2
"1155" 97 -0.22243118097672 0.3
"1156" 97 -0.253338089124339 0.4
"1158" 97 -0.315151905419576 0.6
"1159" 97 -0.346058813567194 0.7
"1160" 97 -0.376965721714813 0.8
"1161" 97 -0.407872629862432 0.9
"1162" 97 -0.43877953801005 1
"1163" 97 -0.469686446157669 1.1
"1164" 97 -0.500593354305288 1.2
"1166" 98 -0.354159475888191 0.2
"1169" 98 -0.491737000059369 0.5
"1170" 98 -0.537596174783095 0.6
"1171" 98 -0.583455349506821 0.7
"1172" 98 -0.629314524230547 0.8
"1175" 98 -0.766892048401726 1.1
"1176" 98 -0.812751223125451 1.2
"1182" 99 -0.28992726100447 0.6
"1183" 99 -0.328052329074376 0.7
"1185" 99 -0.404302465214189 0.9
"1189" 100 -0.0637404118947657 0.1
"1190" 100 -0.095048228012391 0.2
"1191" 100 -0.126356044130016 0.3
"1192" 100 -0.157663860247642 0.4
"1193" 100 -0.188971676365267 0.5
"1195" 100 -0.251587308600518 0.7
"1196" 100 -0.282895124718143 0.8
"1197" 100 -0.314202940835769 0.9
"1200" 100 -0.408126389188645 1.2
"1204" 101 0.0811777954655183 0.4
"1205" 101 0.0725948985383348 0.5
"1208" 101 0.0468462077567842 0.8
"1213" 102 -0.0835752668499545 0.1
"1214" 102 -0.121910488726013 0.2
"1215" 102 -0.160245710602072 0.3
"1216" 102 -0.198580932478131 0.4
"1218" 102 -0.275251376230249 0.6
"1220" 102 -0.351921819982366 0.8
"1221" 102 -0.390257041858425 0.9
"1223" 102 -0.466927485610543 1.1
"1224" 102 -0.505262707486602 1.2
"1225" 103 0.0987468136504561 0.1
"1227" 103 0.0644752511809108 0.3
"1228" 103 0.0473394699461382 0.4
"1229" 103 0.0302036887113656 0.5
"1230" 103 0.0130679074765929 0.6
"1232" 103 -0.0212036549929523 0.8
"1233" 103 -0.038339436227725 0.9
"1234" 103 -0.0554752174624976 1
"1237" 104 0.0190891375331067 0.1
"1238" 104 -0.00584853281662656 0.2
"1239" 104 -0.0307862031663598 0.3
"1240" 104 -0.055723873516093 0.4
"1242" 104 -0.105599214215559 0.6
"1243" 104 -0.130536884565293 0.7
"1244" 104 -0.155474554915026 0.8
"1245" 104 -0.180412225264759 0.9
"1247" 104 -0.230287565964226 1.1
"1248" 104 -0.255225236313959 1.2
"1250" 105 0.0767228146698348 0.2
"1251" 105 0.0575255767726746 0.3
"1252" 105 0.0383283388755143 0.4
"1253" 105 0.019131100978354 0.5
"1254" 105 -6.61369188062616e-05 0.6
"1255" 105 -0.0192633748159665 0.7
"1256" 105 -0.0384606127131269 0.8
"1257" 105 -0.0576578506102871 0.9
"1259" 105 -0.0960523264046077 1.1
"1261" 106 0.323176279598249 0.1
"1262" 106 0.313633327855327 0.2
"1263" 106 0.304090376112404 0.3
"1264" 106 0.294547424369482 0.4
"1265" 106 0.28500447262656 0.5
"1266" 106 0.275461520883637 0.6
"1267" 106 0.265918569140715 0.7
"1268" 106 0.256375617397793 0.8
"1271" 106 0.227746762169026 1.1
"1272" 106 0.218203810426103 1.2
"1273" 107 0.141169804517001 0.1
"1274" 107 0.125069826223042 0.2
"1275" 107 0.108969847929084 0.3
"1278" 107 0.0606699130472086 0.6
"1279" 107 0.0445699347532502 0.7
"1281" 107 0.0123699781653333 0.9
"1282" 107 -0.0037300001286252 1
"1284" 107 -0.0359299567165421 1.2
"1286" 108 -0.224321990963233 0.2
"1287" 108 -0.245117955161033 0.3
"1289" 108 -0.286709883556632 0.5
"1290" 108 -0.307505847754432 0.6
"1294" 108 -0.390689704545631 1
"1295" 108 -0.411485668743431 1.1
"1296" 108 -0.432281632941231 1.2
"1297" 109 0.093060695258879 0.1
"1300" 109 0.044173525861789 0.4
"1301" 109 0.0278778027294257 0.5
"1302" 109 0.0115820795970624 0.6
"1304" 109 -0.0210093666676643 0.8
"1306" 109 -0.0536008129323909 1
"1308" 109 -0.0861922591971176 1.2
"1310" 110 -0.0698714033131256 0.2
"1311" 110 -0.100420574580246 0.3
"1312" 110 -0.130969745847367 0.4
"1315" 110 -0.222617259648728 0.7
"1316" 110 -0.253166430915849 0.8
"1317" 110 -0.283715602182969 0.9
"1318" 110 -0.31426477345009 1
"1319" 110 -0.34481394471721 1.1
"1321" 111 -0.0913409652896608 0.1
"1322" 111 -0.13310488447262 0.2
"1323" 111 -0.174868803655579 0.3
"1325" 111 -0.258396642021497 0.5
"1328" 111 -0.383688399570375 0.8
"1329" 111 -0.425452318753334 0.9
"1330" 111 -0.467216237936293 1
"1331" 111 -0.508980157119252 1.1
"1333" 112 -0.302310172988377 0.1
"1334" 112 -0.335866039522428 0.2
"1335" 112 -0.36942190605648 0.3
"1336" 112 -0.402977772590531 0.4
"1338" 112 -0.470089505658634 0.6
"1339" 112 -0.503645372192685 0.7
"1341" 112 -0.570757105260788 0.9
"1342" 112 -0.60431297179484 1
"1343" 112 -0.637868838328891 1.1
"1344" 112 -0.671424704862943 1.2
"1345" 113 -0.22015103530104 0.1
"1348" 113 -0.272978722767861 0.4
"1350" 113 -0.308197181079075 0.6
"1351" 113 -0.325806410234682 0.7
"1352" 113 -0.343415639390289 0.8
"1354" 113 -0.378634097701503 1
"1357" 114 -0.142566744789066 0.1
"1359" 114 -0.216836130511324 0.3
"1361" 114 -0.291105516233581 0.5
"1362" 114 -0.32824020909471 0.6
"1364" 114 -0.402509594816968 0.8
"1365" 114 -0.439644287678096 0.9
"1369" 115 -0.130784419540414 0.1
"1370" 115 -0.163417765537605 0.2
"1371" 115 -0.196051111534797 0.3
"1372" 115 -0.228684457531989 0.4
"1375" 115 -0.326584495523565 0.7
"1376" 115 -0.359217841520757 0.8
"1377" 115 -0.391851187517949 0.9
"1378" 115 -0.42448453351514 1
"1379" 115 -0.457117879512332 1.1
"1382" 116 0.323636751409994 0.2
"1383" 116 0.316689835049733 0.3
"1384" 116 0.309742918689472 0.4
"1394" 117 0.322272627131667 0.2
"1398" 117 0.292344937517974 0.6
"1399" 117 0.284863015114551 0.7
"1400" 117 0.277381092711128 0.8
"1401" 117 0.269899170307705 0.9
"1402" 117 0.262417247904282 1
"1403" 117 0.254935325500859 1.1
"1404" 117 0.247453403097436 1.2
"1405" 118 0.155437412033737 0.1
"1406" 118 0.162379549413403 0.2
"1407" 118 0.16932168679307 0.3
"1408" 118 0.176263824172736 0.4
"1409" 118 0.183205961552403 0.5
"1411" 118 0.197090236311736 0.7
"1413" 118 0.21097451107107 0.9
"1417" 119 -0.15087492077258 0.1
"1418" 119 -0.174009518316417 0.2
"1419" 119 -0.197144115860253 0.3
"1420" 119 -0.220278713404089 0.4
"1421" 119 -0.243413310947925 0.5
"1422" 119 -0.266547908491761 0.6
"1424" 119 -0.312817103579434 0.8
"1425" 119 -0.33595170112327 0.9
"1426" 119 -0.359086298667106 1
"1427" 119 -0.382220896210942 1.1
"1428" 119 -0.405355493754778 1.2
"1429" 120 -0.299564882833694 0.1
"1431" 120 -0.406108034832638 0.3
"1434" 120 -0.565922762831055 0.6
"1436" 120 -0.672465914829999 0.8
"1442" 121 -0.05868352649942 0.2
"1443" 121 -0.0867164486172916 0.3
"1444" 121 -0.114749370735163 0.4
"1446" 121 -0.170815214970907 0.6
"1447" 121 -0.198848137088778 0.7
"1448" 121 -0.22688105920665 0.8
"1449" 121 -0.254913981324521 0.9
"1450" 121 -0.282946903442393 1
"1452" 121 -0.339012747678136 1.2
"1455" 122 -0.000696398118025163 0.3
"1458" 122 -0.0203960330921649 0.6
"1459" 122 -0.0269625780835448 0.7
"1465" 123 -0.297048495915475 0.1
"1466" 123 -0.335481880030808 0.2
"1467" 123 -0.373915264146141 0.3
"1468" 123 -0.412348648261473 0.4
"1470" 123 -0.489215416492139 0.6
"1471" 123 -0.527648800607472 0.7
"1473" 123 -0.604515568838138 0.9
"1474" 123 -0.64294895295347 1
"1475" 123 -0.681382337068803 1.1
"1477" 124 -0.171712936514664 0.1
"1479" 124 -0.253767272866108 0.3
"1481" 124 -0.335821609217551 0.5
"1484" 124 -0.458903113744717 0.8
"1485" 124 -0.499930281920438 0.9
"1490" 125 0.270372124893518 0.2
"1491" 125 0.262167383962903 0.3
"1493" 125 0.245757902101674 0.5
"1494" 125 0.237553161171059 0.6
"1495" 125 0.229348420240445 0.7
"1501" 126 -0.166945163882606 0.1
"1502" 126 -0.174032212723003 0.2
"1503" 126 -0.1811192615634 0.3
"1504" 126 -0.188206310403798 0.4
"1506" 126 -0.202380408084592 0.6
"1507" 126 -0.209467456924989 0.7
"1508" 126 -0.216554505765387 0.8
"1509" 126 -0.223641554605784 0.9
"1513" 127 0.433921488204462 0.1
"1514" 127 0.417746249350082 0.2
"1516" 127 0.385395771641323 0.4
"1517" 127 0.369220532786944 0.5
"1519" 127 0.336870055078185 0.7
"1520" 127 0.320694816223805 0.8
"1522" 127 0.288344338515046 1
"1525" 128 0.0759702316546934 0.1
"1526" 128 0.057220247397848 0.2
"1529" 128 0.00097029462731188 0.5
"1530" 128 -0.0177796896295335 0.6
"1531" 128 -0.0365296738863789 0.7
"1533" 128 -0.0740296424000696 0.9
"1537" 129 0.0432756829992859 0.1
"1538" 129 0.0100643468389746 0.2
"1539" 129 -0.0231469893213367 0.3
"1541" 129 -0.0895696616419593 0.5
"1542" 129 -0.122780997802271 0.6
"1543" 129 -0.155992333962582 0.7
"1546" 129 -0.255626342443516 1
"1548" 129 -0.322049014764138 1.2
"1549" 130 0.0523880994241155 0.1
"1561" 131 0.214891404554 0.1
"1562" 131 0.18554515664368 0.2
"1563" 131 0.15619890873336 0.3
"1564" 131 0.12685266082304 0.4
"1566" 131 0.068160165002399 0.6
"1568" 131 0.0094676691817584 0.8
"1569" 131 -0.0198785787285619 0.9
"1571" 131 -0.0785710745492025 1.1
"1572" 131 -0.107917322459523 1.2
"1574" 132 0.0803719755337083 0.2
"1575" 132 0.0552494235793094 0.3
"1576" 132 0.0301268716249106 0.4
"1578" 132 -0.0201182322838871 0.6
"1579" 132 -0.045240784238286 0.7
"1583" 132 -0.145730992055881 1.1
"1586" 133 0.0116929041717389 0.2
"1587" 133 -0.00201155093422893 0.3
"1590" 133 -0.0431249162521326 0.6
"1592" 133 -0.0705338264640683 0.8
"1593" 133 -0.0842382815700362 0.9
"1594" 133 -0.0979427366760041 1
"1595" 133 -0.111647191781972 1.1
"1596" 133 -0.12535164688794 1.2
"1597" 134 -0.267915099785423 0.1
"1598" 134 -0.306514533778303 0.2
"1599" 134 -0.345113967771182 0.3
"1602" 134 -0.46091226974982 0.6
"1604" 134 -0.538111137735579 0.8
"1605" 134 -0.576710571728458 0.9
"1607" 134 -0.653909439714217 1.1
"1608" 134 -0.692508873707096 1.2
"1610" 135 -0.0260263147012161 0.2
"1613" 135 -0.090921881761596 0.5
"1614" 135 -0.112553737448389 0.6
"1615" 135 -0.134185593135183 0.7
"1617" 135 -0.177449304508769 0.9
"1619" 135 -0.220713015882356 1.1
"1620" 135 -0.242344871569149 1.2
"1621" 136 0.00401053243481948 0.1
"1623" 136 -0.0255440295930767 0.3
"1626" 136 -0.0698758726349209 0.6
"1627" 136 -0.0846531536488689 0.7
"1628" 136 -0.099430434662817 0.8
"1631" 136 -0.143762277704661 1.1
"1632" 136 -0.158539558718609 1.2
"1633" 137 -0.154064466758427 0.1
"1635" 137 -0.200010960040745 0.3
"1636" 137 -0.222984206681904 0.4
"1637" 137 -0.245957453323063 0.5
"1638" 137 -0.268930699964223 0.6
"1640" 137 -0.314877193246541 0.8
"1645" 138 -0.296370520709073 0.1
"1646" 138 -0.327429333613965 0.2
"1648" 138 -0.389546959423747 0.4
"1650" 138 -0.45166458523353 0.6
"1652" 138 -0.513782211043312 0.8
"1653" 138 -0.544841023948204 0.9
"1654" 138 -0.575899836853095 1
"1656" 138 -0.638017462662877 1.2
"1657" 139 0.237004663699838 0.1
"1658" 139 0.228828444471283 0.2
"1661" 139 0.204299786785619 0.5
"1663" 139 0.187947348328509 0.7
"1664" 139 0.179771129099955 0.8
"1668" 139 0.147066252185736 1.2
"1669" 140 -0.0480933505775312 0.1
"1670" 140 -0.0761849370976531 0.2
"1674" 140 -0.188551283178141 0.6
"1675" 140 -0.216642869698263 0.7
"1678" 140 -0.300917629258628 1
"1679" 140 -0.32900921577875 1.1
"1680" 140 -0.357100802298872 1.2
"1681" 141 -0.10138365235684 0.1
"1682" 141 -0.133221127131123 0.2
"1683" 141 -0.165058601905405 0.3
"1684" 141 -0.196896076679688 0.4
"1685" 141 -0.228733551453971 0.5
"1687" 141 -0.292408501002536 0.7
"1688" 141 -0.324245975776819 0.8
"1689" 141 -0.356083450551102 0.9
"1692" 141 -0.45159587487395 1.2
"1694" 142 0.203199147103813 0.2
"1695" 142 0.183668602101568 0.3
"1698" 142 0.125076967094835 0.6
"1701" 142 0.0664853320881024 0.9
"1703" 142 0.0274242420836138 1.1
"1705" 143 -0.263746499992207 0.1
"1706" 143 -0.300132872236915 0.2
"1707" 143 -0.336519244481623 0.3
"1708" 143 -0.372905616726331 0.4
"1709" 143 -0.409291988971038 0.5
"1712" 143 -0.518451105705162 0.8
"1716" 143 -0.663996594683993 1.2
"1718" 144 -0.0333138646669931 0.2
"1719" 144 -0.0636436638437767 0.3
"1720" 144 -0.0939734630205603 0.4
"1721" 144 -0.124303262197344 0.5
"1722" 144 -0.154633061374127 0.6
"1723" 144 -0.184962860550911 0.7
"1724" 144 -0.215292659727695 0.8
"1725" 144 -0.245622458904478 0.9
"1727" 144 -0.306282057258045 1.1
"1728" 144 -0.336611856434829 1.2
"1733" 145 -0.0782761933907133 0.5
"1735" 145 -0.123036997560436 0.7
"1736" 145 -0.145417399645298 0.8
"1738" 145 -0.19017820381502 1
"1739" 145 -0.212558605899882 1.1
"1742" 146 -0.21932415311153 0.2
"1745" 146 -0.314659383290768 0.5
"1747" 146 -0.37821620341026 0.7
"1748" 146 -0.409994613470005 0.8
"1751" 146 -0.505329843649243 1.1
"1753" 147 -0.139387572906563 0.1
"1754" 147 -0.161467240941013 0.2
"1755" 147 -0.183546908975463 0.3
"1757" 147 -0.227706245044362 0.5
"1759" 147 -0.271865581113261 0.7
"1760" 147 -0.293945249147711 0.8
"1762" 147 -0.33810458521661 1
"1767" 148 0.179616503151509 0.3
"1768" 148 0.152131806383459 0.4
"1772" 148 0.0421930193112585 0.8
"1777" 149 -0.447142534808161 0.1
"1779" 149 -0.523953348605452 0.3
"1780" 149 -0.562358755504098 0.4
"1781" 149 -0.600764162402743 0.5
"1782" 149 -0.639169569301389 0.6
"1784" 149 -0.71598038309868 0.8
"1787" 149 -0.831196603794617 1.1
"1793" 150 -0.170484490775048 0.5
"1794" 150 -0.186811476313594 0.6
"1795" 150 -0.20313846185214 0.7
"1796" 150 -0.219465447390686 0.8
"1798" 150 -0.252119418467777 1
"1799" 150 -0.268446404006323 1.1
"1800" 150 -0.284773389544869 1.2
"1801" 151 0.11854325762266 0.1
"1803" 151 0.0761622261983137 0.3
"1804" 151 0.0549717104861405 0.4
"1806" 151 0.0125906790617943 0.6
"1807" 151 -0.00859983665037883 0.7
"1813" 152 0.123619110000952 0.1
"1814" 152 0.109173055251848 0.2
"1819" 152 0.0369427815063287 0.7
"1821" 152 0.00805067200812076 0.9
"1822" 152 -0.0063953827409832 1
"1825" 153 0.0369891575821481 0.1
"1827" 153 -0.00695122591113627 0.3
"1828" 153 -0.0289214176577784 0.4
"1829" 153 -0.0508916094044206 0.5
"1834" 153 -0.160742568137631 1
"1836" 153 -0.204682951630916 1.2
"1837" 154 -0.00542722202727428 0.1
"1839" 154 -0.0516816287797156 0.3
"1840" 154 -0.0748088321559363 0.4
"1841" 154 -0.0979360355321569 0.5
"1847" 154 -0.236699255789481 1.1
"1851" 155 -0.239301862776916 0.3
"1852" 155 -0.275595403798414 0.4
"1854" 155 -0.348182485841411 0.6
"1855" 155 -0.38447602686291 0.7
"1856" 155 -0.420769567884408 0.8
"1857" 155 -0.457063108905907 0.9
"1859" 155 -0.529650190948904 1.1
"1860" 155 -0.565943731970402 1.2
"1861" 156 -0.527172749222803 0.1
"1864" 156 -0.640309246561396 0.4
"1865" 156 -0.678021412340927 0.5
"1866" 156 -0.715733578120458 0.6
"1868" 156 -0.791157909679519 0.8
"1870" 156 -0.866582241238581 1
"1874" 157 -0.0558203614779888 0.2
"1875" 157 -0.0884736137605997 0.3
"1879" 157 -0.219086622891043 0.7
"1880" 157 -0.251739875173654 0.8
"1881" 157 -0.284393127456265 0.9
"1882" 157 -0.317046379738876 1
"1883" 157 -0.349699632021487 1.1
"1884" 157 -0.382352884304098 1.2
"1885" 158 0.136247177131885 0.1
"1886" 158 0.12161086738566 0.2
"1889" 158 0.0777019381469848 0.5
"1897" 159 0.126452346983294 0.1
"1898" 159 0.106408731627223 0.2
"1899" 159 0.0863651162711506 0.3
"1900" 159 0.0663215009150787 0.4
"1901" 159 0.0462778855590068 0.5
"1903" 159 0.00619065484686296 0.7
"1904" 159 -0.013852960509209 0.8
"1906" 159 -0.0539401912213528 1
"1910" 160 -0.124835653973751 0.2
"1912" 160 -0.190115199741107 0.4
"1914" 160 -0.255394745508464 0.6
"1915" 160 -0.288034518392142 0.7
"1917" 160 -0.353314064159498 0.9
"1918" 160 -0.385953837043176 1
"1919" 160 -0.418593609926854 1.1
"1920" 160 -0.451233382810533 1.2
"1921" 161 -0.240446000065183 0.1
"1922" 161 -0.259560333896313 0.2
"1924" 161 -0.297789001558571 0.4
"1925" 161 -0.316903335389701 0.5
"1926" 161 -0.33601766922083 0.6
"1933" 162 -0.06334178142417 0.1
"1935" 162 -0.0926948710126854 0.3
"1936" 162 -0.107371415806943 0.4
"1938" 162 -0.136724505395459 0.6
"1939" 162 -0.151401050189716 0.7
"1940" 162 -0.166077594983974 0.8
"1941" 162 -0.180754139778232 0.9
"1942" 162 -0.19543068457249 1
"1943" 162 -0.210107229366747 1.1
"1946" 163 0.0959661608864724 0.2
"1948" 163 0.0697276312088285 0.4
"1949" 163 0.0566083663700065 0.5
"1951" 163 0.0303698366923626 0.7
"1953" 163 0.00413130701471857 0.9
"1957" 164 0.0540587207275555 0.1
"1960" 164 0.00872358031844776 0.4
"1961" 164 -0.00638813315125482 0.5
"1964" 164 -0.0517232735603626 0.8
"1966" 164 -0.0819467004997677 1
"1967" 164 -0.0970584139694703 1.1
"1969" 165 -0.235958760578549 0.1
"1971" 165 -0.324334858318199 0.3
"1973" 165 -0.41271095605785 0.5
"1974" 165 -0.456899004927675 0.6
"1975" 165 -0.5010870537975 0.7
"1983" 166 -0.12185853555055 0.3
"1984" 166 -0.136959308005274 0.4
"1985" 166 -0.152060080459998 0.5
"1986" 166 -0.167160852914722 0.6
"1988" 166 -0.19736239782417 0.8
"1989" 166 -0.212463170278894 0.9
"1990" 166 -0.227563942733618 1
"1993" 167 -0.392716783743387 0.1
"1995" 167 -0.474287432617591 0.3
"1997" 167 -0.555858081491795 0.5
"1998" 167 -0.596643405928897 0.6
"1999" 167 -0.637428730365999 0.7
"2001" 167 -0.718999379240203 0.9
"2004" 167 -0.841355352551509 1.2
"2006" 168 0.143394810839882 0.2
"2007" 168 0.128006923487243 0.3
"2008" 168 0.112619036134604 0.4
"2009" 168 0.0972311487819652 0.5
"2010" 168 0.0818432614293264 0.6
"2011" 168 0.0664553740766875 0.7
"2012" 168 0.0510674867240486 0.8
"2017" 169 0.379963656972117 0.1
"2018" 169 0.34157694344293 0.2
"2019" 169 0.303190229913744 0.3
"2020" 169 0.264803516384558 0.4
"2022" 169 0.188030089326185 0.6
"2023" 169 0.149643375796999 0.7
"2025" 169 0.0728699487386261 0.9
"2028" 169 -0.0422901918489328 1.2
"2029" 170 0.21118566697782 0.1
"2030" 170 0.187392108650113 0.2
"2031" 170 0.163598550322407 0.3
"2032" 170 0.139804991994701 0.4
"2033" 170 0.116011433666995 0.5
"2034" 170 0.0922178753392886 0.6
"2036" 170 0.0446307586838762 0.8
"2037" 170 0.02083720035617 0.9
"2038" 170 -0.00295635797153621 1
"2039" 170 -0.0267499162992424 1.1
"2040" 170 -0.0505434746269486 1.2
"2042" 171 -0.295298213182474 0.2
"2044" 171 -0.347321359513263 0.4
"2045" 171 -0.373332932678659 0.5
"2046" 171 -0.399344505844053 0.6
"2047" 171 -0.425356079009448 0.7
"2049" 171 -0.477379225340238 0.9
"2050" 171 -0.503390798505633 1
"2052" 171 -0.555413944836423 1.2
"2053" 172 0.353082434360349 0.1
"2054" 172 0.333512792523572 0.2
"2065" 173 -0.302402297921665 0.1
"2067" 173 -0.364601491939189 0.3
"2068" 173 -0.395701088947951 0.4
"2070" 173 -0.457900282965475 0.6
"2072" 173 -0.520099476982998 0.8
"2074" 173 -0.582298671000522 1
"2076" 173 -0.644497865018046 1.2
"2077" 174 -0.0420897047654616 0.1
"2079" 174 -0.0758592736170848 0.3
"2081" 174 -0.109628842468708 0.5
"2082" 174 -0.12651362689452 0.6
"2083" 174 -0.143398411320331 0.7
"2087" 174 -0.210937549023578 1.1
"2088" 174 -0.227822333449389 1.2
"2090" 175 -0.321313173520341 0.2
"2091" 175 -0.357729372174073 0.3
"2092" 175 -0.394145570827805 0.4
"2093" 175 -0.430561769481537 0.5
"2094" 175 -0.466977968135269 0.6
"2095" 175 -0.503394166789001 0.7
"2097" 175 -0.576226564096464 0.9
"2098" 175 -0.612642762750196 1
"2099" 175 -0.649058961403928 1.1
"2100" 175 -0.68547516005766 1.2
"2101" 176 -0.197956150767916 0.1
"2103" 176 -0.254699505832095 0.3
"2104" 176 -0.283071183364185 0.4
"2106" 176 -0.339814538428365 0.6
"2107" 176 -0.368186215960455 0.7
"2109" 176 -0.424929571024635 0.9
"2112" 176 -0.510044603620905 1.2
"2113" 177 -0.0477646180131276 0.1
"2115" 177 -0.0853085468359195 0.3
"2116" 177 -0.104080511247315 0.4
"2118" 177 -0.141624440070107 0.6
"2119" 177 -0.160396404481503 0.7
"2120" 177 -0.179168368892899 0.8
"2121" 177 -0.197940333304295 0.9
"2123" 177 -0.235484262127087 1.1
"2125" 178 -0.0255877112392174 0.1
"2126" 178 -0.0464726201908728 0.2
"2130" 178 -0.130012255997494 0.6
"2131" 178 -0.15089716494915 0.7
"2132" 178 -0.171782073900805 0.8
"2133" 178 -0.192666982852461 0.9
"2138" 179 -0.0543335940188864 0.2
"2139" 179 -0.0839128228057866 0.3
"2140" 179 -0.113492051592687 0.4
"2141" 179 -0.143071280379587 0.5
"2142" 179 -0.172650509166487 0.6
"2143" 179 -0.202229737953387 0.7
"2144" 179 -0.231808966740287 0.8
"2147" 179 -0.320546653100988 1.1
"2148" 179 -0.350125881887888 1.2
"2150" 180 -0.237236360471727 0.2
"2151" 180 -0.272121395005294 0.3
"2152" 180 -0.307006429538861 0.4
"2153" 180 -0.341891464072428 0.5
"2154" 180 -0.376776498605994 0.6
"2155" 180 -0.411661533139561 0.7
"2156" 180 -0.446546567673128 0.8
"2157" 180 -0.481431602206694 0.9
"2159" 180 -0.551201671273828 1.1
"2160" 180 -0.586086705807395 1.2
"2162" 181 -0.0364638559339864 0.2
"2163" 181 -0.0516163804384748 0.3
"2164" 181 -0.0667689049429632 0.4
"2166" 181 -0.0970739539519399 0.6
"2168" 181 -0.127379002960917 0.8
"2173" 182 -0.372045012862503 0.1
"2174" 182 -0.413224803585609 0.2
"2175" 182 -0.454404594308716 0.3
"2176" 182 -0.495584385031822 0.4
"2180" 182 -0.660303547924249 0.8
"2181" 182 -0.701483338647355 0.9
"2182" 182 -0.742663129370462 1
"2184" 182 -0.825022710816675 1.2
"2185" 183 -0.0874058041419438 0.1
"2187" 183 -0.140448550473622 0.3
"2193" 183 -0.299576789468657 0.9
"2194" 183 -0.326098162634496 1
"2195" 183 -0.352619535800335 1.1
"2196" 183 -0.379140908966174 1.2
"2198" 184 -0.0826983621740389 0.2
"2201" 184 -0.159942969976578 0.5
"2204" 184 -0.237187577779117 0.8
"2205" 184 -0.262935780379963 0.9
"2206" 184 -0.288683982980809 1
"2207" 184 -0.314432185581656 1.1
"2208" 184 -0.340180388182502 1.2
"2209" 185 -0.14524249895634 0.1
"2210" 185 -0.171055893497133 0.2
"2211" 185 -0.196869288037926 0.3
"2214" 185 -0.274309471660306 0.6
"2215" 185 -0.300122866201099 0.7
"2216" 185 -0.325936260741892 0.8
"2217" 185 -0.351749655282685 0.9
"2219" 185 -0.403376444364272 1.1
"2220" 185 -0.429189838905065 1.2
"2223" 186 -0.213484510782121 0.3
"2224" 186 -0.246135614215164 0.4
"2226" 186 -0.31143782108125 0.6
"2227" 186 -0.344088924514293 0.7
"2230" 186 -0.442042234813421 1
"2234" 187 -0.180102241772647 0.2
"2235" 187 -0.207714068114833 0.3
"2236" 187 -0.23532589445702 0.4
"2238" 187 -0.290549547141394 0.6
"2240" 187 -0.345773199825768 0.8
"2242" 187 -0.400996852510141 1
"2243" 187 -0.428608678852328 1.1
"2245" 188 -0.118586006625444 0.1
"2246" 188 -0.155458696211036 0.2
"2247" 188 -0.192331385796629 0.3
"2249" 188 -0.266076764967814 0.5
"2250" 188 -0.302949454553407 0.6
"2251" 188 -0.339822144138999 0.7
"2253" 188 -0.413567523310185 0.9
"2255" 188 -0.48731290248137 1.1
"2256" 188 -0.524185592066962 1.2
"2259" 189 -0.0105021739793883 0.3
"2261" 189 -0.0510504386324295 0.5
"2269" 190 0.198652872301718 0.1
"2270" 190 0.17592277453689 0.2
"2271" 190 0.153192676772062 0.3
"2272" 190 0.130462579007234 0.4
"2273" 190 0.107732481242406 0.5
"2274" 190 0.0850023834775778 0.6
"2278" 190 -0.00591800758173461 1
"2279" 190 -0.0286481053465627 1.1
"2282" 191 -0.317560241178708 0.2
"2285" 191 -0.42176907875008 0.5
"2286" 191 -0.456505357940537 0.6
"2287" 191 -0.491241637130995 0.7
"2291" 191 -0.630186753892824 1.1
"2293" 192 -0.0185324647085394 0.1
"2294" 192 -0.0417077826197694 0.2
"2295" 192 -0.0648831005309994 0.3
"2296" 192 -0.0880584184422295 0.4
"2298" 192 -0.13440905426469 0.6
"2301" 192 -0.20393500799838 0.9
"2303" 192 -0.25028564382084 1.1
"2305" 193 0.0231390510438997 0.1
"2306" 193 -0.000668301259893034 0.2
"2307" 193 -0.0244756535636857 0.3
"2309" 193 -0.0720903581712711 0.5
"2310" 193 -0.0958977104750638 0.6
"2312" 193 -0.143512415082649 0.8
"2313" 193 -0.167319767386442 0.9
"2314" 193 -0.191127119690235 1
"2316" 193 -0.23874182429782 1.2
"2317" 194 -0.16436063374128 0.1
"2318" 194 -0.19739988663025 0.2
"2320" 194 -0.263478392408191 0.4
"2321" 194 -0.296517645297161 0.5
"2323" 194 -0.362596151075102 0.7
"2324" 194 -0.395635403964072 0.8
"2327" 194 -0.494753162630983 1.1
"2328" 194 -0.527792415519953 1.2
"2329" 195 0.355664072625506 0.1
"2331" 195 0.30760300404595 0.3
"2332" 195 0.283572469756172 0.4
"2333" 195 0.259541935466394 0.5
"2334" 195 0.235511401176617 0.6
"2335" 195 0.211480866886839 0.7
"2336" 195 0.187450332597061 0.8
"2337" 195 0.163419798307283 0.9
"2338" 195 0.139389264017505 1
"2341" 196 -0.148658797011526 0.1
"2343" 196 -0.211894233162309 0.3
"2345" 196 -0.275129669313092 0.5
"2346" 196 -0.306747387388484 0.6
"2350" 196 -0.433218259690049 1
"2352" 196 -0.496453695840832 1.2
"2354" 197 0.320441109005574 0.2
"2357" 197 0.256395637625366 0.5
"2358" 197 0.235047147165296 0.6
"2359" 197 0.213698656705226 0.7
"2360" 197 0.192350166245157 0.8
"2361" 197 0.171001675785087 0.9
"2364" 197 0.106956204404879 1.2
"2365" 198 0.229301218381889 0.1
"2366" 198 0.220760190673943 0.2
"2367" 198 0.212219162965997 0.3
"2368" 198 0.203678135258051 0.4
"2369" 198 0.195137107550105 0.5
"2370" 198 0.186596079842159 0.6
"2372" 198 0.169514024426266 0.8
"2380" 199 -0.0126275193120657 0.4
"2381" 199 -0.0305811357608243 0.5
"2382" 199 -0.0485347522095829 0.6
"2384" 199 -0.0844419851071 0.8
"2386" 199 -0.120349218004617 1
"2387" 199 -0.138302834453376 1.1
"2388" 199 -0.156256450902134 1.2
"2391" 200 -0.0195035783356826 0.3
"2392" 200 -0.0278634512647471 0.4
"2393" 200 -0.0362233241938115 0.5
"2395" 200 -0.0529430700519404 0.7
"2396" 200 -0.0613029429810049 0.8
"2397" 200 -0.0696628159100693 0.9
"2399" 200 -0.0863825617681982 1.1
"2401" 201 -0.245115757443294 0.1
"2402" 201 -0.273875625672778 0.2
"2403" 201 -0.302635493902263 0.3
"2404" 201 -0.331395362131747 0.4
"2405" 201 -0.360155230361232 0.5
"2406" 201 -0.388915098590716 0.6
"2408" 201 -0.446434835049685 0.8
"2409" 201 -0.47519470327917 0.9
"2410" 201 -0.503954571508654 1
"2416" 202 0.0173366871654286 0.4
"2418" 202 -0.0230936285129347 0.6
"2419" 202 -0.0433087863521164 0.7
"2420" 202 -0.063523944191298 0.8
"2421" 202 -0.0837391020304796 0.9
"2422" 202 -0.103954259869661 1
"2423" 202 -0.124169417708843 1.1
"2424" 202 -0.144384575548025 1.2
"2425" 203 -0.169352275775909 0.1
"2427" 203 -0.232155935347295 0.3
"2428" 203 -0.263557765132988 0.4
"2430" 203 -0.326361424704374 0.6
"2431" 203 -0.357763254490067 0.7
"2433" 203 -0.420566914061453 0.9
"2437" 204 0.0437221762212892 0.1
"2438" 204 0.0161771541633164 0.2
"2439" 204 -0.0113678678946563 0.3
"2442" 204 -0.0940029340685746 0.6
"2443" 204 -0.121547956126547 0.7
"2444" 204 -0.14909297818452 0.8
"2445" 204 -0.176638000242493 0.9
"2446" 204 -0.204183022300466 1
"2447" 204 -0.231728044358439 1.1
"2448" 204 -0.259273066416411 1.2
"2450" 205 -0.235492703836761 0.2
"2452" 205 -0.295206022222008 0.4
"2456" 205 -0.4146326589925 0.8
"2459" 205 -0.50420263657037 1.1
"2462" 206 -0.216908271989961 0.2
"2463" 206 -0.233260646536005 0.3
"2465" 206 -0.265965395628091 0.5
"2466" 206 -0.282317770174134 0.6
"2473" 207 -0.235223682082089 0.1
"2474" 207 -0.271861711398456 0.2
"2475" 207 -0.308499740714823 0.3
"2476" 207 -0.345137770031189 0.4
"2478" 207 -0.418413828663923 0.6
"2481" 207 -0.528327916613023 0.9
"2482" 207 -0.564965945929389 1
"2484" 207 -0.638242004562123 1.2
"2485" 208 0.303719014898241 0.1
"2488" 208 0.269171080224983 0.4
"2490" 208 0.246139123776144 0.6
"2491" 208 0.234623145551724 0.7
"2492" 208 0.223107167327305 0.8
"2498" 209 0.0640390090423294 0.2
"2499" 209 0.0384831222434175 0.3
"2502" 209 -0.038184538153318 0.6
"2503" 209 -0.0637404249522298 0.7
"2505" 209 -0.114852198550054 0.9
"2506" 209 -0.140408085348965 1
"2510" 210 0.219975486581221 0.2
"2511" 210 0.199099422406256 0.3
"2512" 210 0.17822335823129 0.4
"2513" 210 0.157347294056324 0.5
"2515" 210 0.115595165706393 0.7
"2519" 210 0.03209090900653 1.1
"2522" 211 0.514943776510907 0.2
"2523" 211 0.492837095727673 0.3
"2525" 211 0.448623734161205 0.5
"2526" 211 0.426517053377971 0.6
"2528" 211 0.382303691811503 0.8
"2529" 211 0.36019701102827 0.9
"2531" 211 0.315983649461802 1.1
"2532" 211 0.293876968678568 1.2
"2533" 212 -0.0153714070084832 0.1
"2534" 212 -0.0392915441958271 0.2
"2536" 212 -0.0871318185705148 0.4
"2538" 212 -0.134972092945203 0.6
"2541" 212 -0.206732504507234 0.9
"2543" 212 -0.254572778881922 1.1
"2544" 212 -0.278492916069266 1.2
"2546" 213 -0.227284879425726 0.2
"2547" 213 -0.26351365113346 0.3
"2549" 213 -0.335971194548929 0.5
"2551" 213 -0.408428737964397 0.7
"2553" 213 -0.480886281379866 0.9
"2554" 213 -0.5171150530876 1
"2558" 214 -0.0484482161886273 0.2
"2560" 214 -0.104074831591515 0.4
"2569" 215 -0.074750195501694 0.1
"2570" 215 -0.0924411787097479 0.2
"2572" 215 -0.127823145125856 0.4
"2573" 215 -0.14551412833391 0.5
"2574" 215 -0.163205111541964 0.6
"2575" 215 -0.180896094750018 0.7
"2577" 215 -0.216278061166126 0.9
"2578" 215 -0.23396904437418 1
"2579" 215 -0.251660027582234 1.1
"2580" 215 -0.269351010790288 1.2
"2581" 216 -0.362506319601684 0.1
"2582" 216 -0.393288285165946 0.2
"2584" 216 -0.45485221629447 0.4
"2587" 216 -0.547198112987257 0.7
"2588" 216 -0.577980078551519 0.8
"2590" 216 -0.639544009680043 1
"2591" 216 -0.670325975244305 1.1
"2594" 217 -0.232887108073473 0.2
"2595" 217 -0.25869259016236 0.3
"2596" 217 -0.284498072251247 0.4
"2598" 217 -0.33610903642902 0.6
"2600" 217 -0.387720000606794 0.8
"2601" 217 -0.413525482695681 0.9
"2603" 217 -0.465136446873454 1.1
"2605" 218 0.264711453848045 0.1
"2607" 218 0.227762099669905 0.3
"2609" 218 0.190812745491764 0.5
"2610" 218 0.172338068402694 0.6
"2611" 218 0.153863391313624 0.7
"2613" 218 0.116914037135484 0.9
"2614" 218 0.0984393600464139 1
"2616" 218 0.0614900058682737 1.2
"2617" 219 -0.204191635394531 0.1
"2618" 219 -0.232738733774645 0.2
"2621" 219 -0.318380028914989 0.5
"2624" 219 -0.404021324055333 0.8
"2626" 219 -0.461115520815562 1
"2627" 219 -0.489662619195676 1.1
"2628" 219 -0.518209717575791 1.2
"2629" 220 -0.214985445470579 0.1
"2630" 220 -0.254425045168356 0.2
"2631" 220 -0.293864644866133 0.3
"2632" 220 -0.33330424456391 0.4
"2633" 220 -0.372743844261686 0.5
"2635" 220 -0.45162304365724 0.7
"2637" 220 -0.530502243052793 0.9
"2638" 220 -0.56994184275057 1
"2639" 220 -0.609381442448347 1.1
"2642" 221 -0.768081210845881 0.2
"2644" 221 -0.858597233112035 0.4
"2647" 221 -0.994371266511267 0.7
"2648" 221 -1.03962927764434 0.8
"2650" 221 -1.1301452999105 1
"2651" 221 -1.17540331104358 1.1
"2652" 221 -1.22066132217665 1.2
"2656" 222 0.228852208473393 0.4
"2659" 222 0.169289017267327 0.7
"2660" 222 0.149434620198638 0.8
"2661" 222 0.12958022312995 0.9
"2662" 222 0.109725826061261 1
"2664" 222 0.0700170319238838 1.2
"2668" 223 -0.195952195446578 0.4
"2669" 223 -0.224020692247347 0.5
"2670" 223 -0.252089189048116 0.6
"2671" 223 -0.280157685848885 0.7
"2672" 223 -0.308226182649653 0.8
"2673" 223 -0.336294679450422 0.9
"2674" 223 -0.364363176251191 1
"2675" 223 -0.392431673051959 1.1
"2676" 223 -0.420500169852728 1.2
"2677" 224 0.077237798147434 0.1
"2679" 224 0.0414530932349357 0.3
"2680" 224 0.0235607407786865 0.4
"2690" 225 0.331786809899423 0.2
"2691" 225 0.335017292686858 0.3
"2693" 225 0.341478258261728 0.5
"2701" 226 -0.278063611267103 0.1
"2702" 226 -0.311122802227804 0.2
"2703" 226 -0.344181993188505 0.3
"2704" 226 -0.377241184149206 0.4
"2705" 226 -0.410300375109907 0.5
"2707" 226 -0.476418757031309 0.7
"2709" 226 -0.542537138952711 0.9
"2716" 227 0.201415934226006 0.4
"2717" 227 0.195942238181902 0.5
"2718" 227 0.190468542137798 0.6
"2720" 227 0.17952115004959 0.8
"2721" 227 0.174047454005486 0.9
"2722" 227 0.168573757961382 1
"2725" 228 -0.210176840590693 0.1
"2726" 228 -0.240730014163371 0.2
"2727" 228 -0.271283187736048 0.3
"2728" 228 -0.301836361308726 0.4
"2729" 228 -0.332389534881404 0.5
"2730" 228 -0.362942708454081 0.6
"2732" 228 -0.424049055599437 0.8
"2733" 228 -0.454602229172114 0.9
"2734" 228 -0.485155402744792 1
"2735" 228 -0.515708576317469 1.1
"2736" 228 -0.546261749890147 1.2
"2737" 229 0.141853780099848 0.1
"2740" 229 0.083912422097743 0.4
"2745" 229 -0.0126565079057651 0.9
"2749" 230 -0.0710801938942089 0.1
"2751" 230 -0.116483575332926 0.3
"2752" 230 -0.139185266052285 0.4
"2756" 230 -0.22999202892972 0.8
"2757" 230 -0.252693719649079 0.9
"2758" 230 -0.275395410368438 1
"2759" 230 -0.298097101087797 1.1
"2760" 230 -0.320798791807155 1.2
"2761" 231 -0.319487275015773 0.1
"2762" 231 -0.351347874526237 0.2
"2763" 231 -0.383208474036702 0.3
"2765" 231 -0.446929673057631 0.5
"2768" 231 -0.542511471589024 0.8
"2769" 231 -0.574372071099489 0.9
"2774" 232 -0.342143904307716 0.2
"2775" 232 -0.378276799902121 0.3
"2779" 232 -0.52280838227974 0.7
"2782" 232 -0.631207069062954 1
"2783" 232 -0.667339964657359 1.1
"2784" 232 -0.703472860251763 1.2
"2785" 233 -0.0638780100066658 0.1
"2786" 233 -0.0915575354406091 0.2
"2787" 233 -0.119237060874552 0.3
"2789" 233 -0.174596111742439 0.5
"2791" 233 -0.229955162610326 0.7
"2793" 233 -0.285314213478212 0.9
"2797" 234 -0.158440037614745 0.1
"2798" 234 -0.197670411216793 0.2
"2800" 234 -0.276131158420891 0.4
"2801" 234 -0.31536153202294 0.5
"2805" 234 -0.472283026431134 0.9
"2807" 234 -0.550743773635232 1.1
"2808" 234 -0.58997414723728 1.2
"2810" 235 0.3614676076586 0.2
"2811" 235 0.346579060994085 0.3
"2813" 235 0.316801967665056 0.5
"2814" 235 0.301913421000542 0.6
"2821" 236 0.50316120307774 0.1
"2822" 236 0.495170970685718 0.2
"2823" 236 0.487180738293697 0.3
"2824" 236 0.479190505901675 0.4
"2825" 236 0.471200273509653 0.5
"2827" 236 0.45521980872561 0.7
"2833" 237 -0.0618850608018465 0.1
"2834" 237 -0.094369724275596 0.2
"2836" 237 -0.159339051223095 0.4
"2838" 237 -0.224308378170594 0.6
"2840" 237 -0.289277705118093 0.8
"2843" 237 -0.386731695539342 1.1
"2845" 238 -0.115111065827564 0.1
"2846" 238 -0.148122223365879 0.2
"2847" 238 -0.181133380904194 0.3
"2848" 238 -0.214144538442509 0.4
"2850" 238 -0.28016685351914 0.6
"2852" 238 -0.34618916859577 0.8
"2853" 238 -0.379200326134085 0.9
"2855" 238 -0.445222641210715 1.1
"2856" 238 -0.47823379874903 1.2
"2857" 239 -0.13195022363106 0.1
"2858" 239 -0.156712784676756 0.2
"2861" 239 -0.231000467813842 0.5
"2865" 239 -0.330050711996624 0.9
"2867" 239 -0.379575834088014 1.1
"2868" 239 -0.40433839513371 1.2
"2869" 240 0.101407229470603 0.1
"2872" 240 0.0484688960196592 0.4
"2874" 240 0.0131766737190299 0.6
"2878" 240 -0.0574077708822289 1
"2880" 240 -0.0926999931828583 1.2
"2881" 241 0.19484084749913 0.1
"2883" 241 0.163497902767115 0.3
"2885" 241 0.1321549580351 0.5
"2893" 242 0.0213657915251848 0.1
"2894" 242 0.0157735060102297 0.2
"2895" 242 0.0101812204952747 0.3
"2897" 242 -0.0010033505346353 0.5
"2898" 242 -0.00659563604959032 0.6
"2905" 243 -0.0464917655044917 0.1
"2906" 243 -0.0709560020266652 0.2
"2908" 243 -0.119884475071012 0.4
"2909" 243 -0.144348711593186 0.5
"2911" 243 -0.193277184637532 0.7
"2912" 243 -0.217741421159706 0.8
"2915" 243 -0.291134130726226 1.1
"2916" 243 -0.3155983672484 1.2
"2917" 244 0.534380652373659 0.1
"2920" 244 0.474680640195463 0.4
"2921" 244 0.454780636136065 0.5
"2923" 244 0.414980628017268 0.7
"2924" 244 0.395080623957869 0.8
"2929" 245 0.11352916656394 0.1
"2930" 245 0.0976977870628468 0.2
"2934" 245 0.0343722690584736 0.6
"2936" 245 0.002709510056287 0.8
"2937" 245 -0.0131218694448063 0.9
"2938" 245 -0.0289532489458996 1
"2939" 245 -0.0447846284469929 1.1
"2940" 245 -0.0606160079480862 1.2
"2941" 246 -0.0107962579151788 0.1
"2942" 246 -0.0298451070661386 0.2
"2944" 246 -0.0679428053680583 0.4
"2946" 246 -0.106040503669978 0.6
"2947" 246 -0.125089352820938 0.7
"2948" 246 -0.144138201971898 0.8
"2950" 246 -0.182235900273817 1
"2954" 247 0.119341813212442 0.2
"2956" 247 0.0843989900805814 0.4
"2958" 247 0.0494561669487208 0.6
"2960" 247 0.0145133438168601 0.8
"2961" 247 -0.00295806774907026 0.9
"2965" 248 -0.164195076940156 0.1
"2966" 248 -0.188072754743441 0.2
"2968" 248 -0.235828110350012 0.4
"2969" 248 -0.259705788153297 0.5
"2970" 248 -0.283583465956582 0.6
"2972" 248 -0.331338821563153 0.8
"2973" 248 -0.355216499366438 0.9
"2974" 248 -0.379094177169724 1
"2976" 248 -0.426849532776294 1.2
"2979" 249 -0.629201435922077 0.3
"2981" 249 -0.729652945700395 0.5
"2984" 249 -0.880330210367871 0.8
"2986" 249 -0.980781720146188 1
"2987" 249 -1.03100747503535 1.1
"2989" 250 0.0687783227086393 0.1
"2990" 250 0.0444425708143185 0.2
"2991" 250 0.0201068189199976 0.3
"2993" 250 -0.0285646848686442 0.5
"2995" 250 -0.0772361886572859 0.7
"2996" 250 -0.101571940551607 0.8
"2997" 250 -0.125907692445928 0.9
"2998" 250 -0.150243444340249 1
"2999" 250 -0.174579196234569 1.1
"3000" 250 -0.19891494812889 1.2
"3001" 251 0.248747703216046 0.1
"3002" 251 0.235670325042588 0.2
"3003" 251 0.222592946869131 0.3
"3005" 251 0.196438190522216 0.5
"3014" 252 -0.482388347057292 0.2
"3017" 252 -0.564638632044532 0.5
"3023" 252 -0.729139202019012 1.1
"3026" 253 0.187958392867225 0.2
"3027" 253 0.166471540182902 0.3
"3029" 253 0.123497834814256 0.5
"3037" 254 0.256511740342754 0.1
"3038" 254 0.250367167491509 0.2
"3039" 254 0.244222594640264 0.3
"3040" 254 0.238078021789019 0.4
"3043" 254 0.219644303235283 0.7
"3046" 254 0.201210584681548 1
"3047" 254 0.195066011830303 1.1
"3050" 255 0.303485802028215 0.2
"3051" 255 0.300082736200666 0.3
"3052" 255 0.296679670373118 0.4
"3056" 255 0.283067407062924 0.8
"3057" 255 0.279664341235376 0.9
"3059" 255 0.272858209580279 1.1
"3061" 256 0.0654133767711248 0.1
"3062" 256 0.0535540851007486 0.2
"3063" 256 0.0416947934303724 0.3
"3064" 256 0.0298355017599961 0.4
"3065" 256 0.0179762100896199 0.5
"3067" 256 -0.00574237325113255 0.7
"3068" 256 -0.0176016649215088 0.8
"3069" 256 -0.029460956591885 0.9
"3071" 256 -0.0531795399326375 1.1
"3073" 257 -0.256752950077221 0.1
"3075" 257 -0.303492812540312 0.3
"3076" 257 -0.326862743771858 0.4
"3079" 257 -0.396972537466495 0.7
"3080" 257 -0.420342468698041 0.8
"3081" 257 -0.443712399929587 0.9
"3082" 257 -0.467082331161132 1
"3084" 257 -0.513822193624224 1.2
"3086" 258 -0.204407156351306 0.2
"3088" 258 -0.297546786505753 0.4
"3089" 258 -0.344116601582976 0.5
"3090" 258 -0.390686416660199 0.6
"3091" 258 -0.437256231737423 0.7
"3092" 258 -0.483826046814646 0.8
"3093" 258 -0.53039586189187 0.9
"3095" 258 -0.623535492046317 1.1
"3096" 258 -0.67010530712354 1.2
"3097" 259 -0.131796825856782 0.1
"3100" 259 -0.239109934146201 0.4
"3101" 259 -0.274880970242675 0.5
"3104" 259 -0.382194078532094 0.8
"3109" 260 0.26594306346512 0.1
"3110" 260 0.244695357067937 0.2
"3113" 260 0.180952237876388 0.5
"3114" 260 0.159704531479206 0.6
"3116" 260 0.11720911868484 0.8
"3117" 260 0.0959614122876572 0.9
"3118" 260 0.0747137058904744 1
"3121" 261 -0.169005861816168 0.1
"3122" 261 -0.20575578293952 0.2
"3123" 261 -0.242505704062872 0.3
"3124" 261 -0.279255625186223 0.4
"3127" 261 -0.389505388556279 0.7
"3128" 261 -0.426255309679631 0.8
"3129" 261 -0.463005230802983 0.9
"3130" 261 -0.499755151926334 1
"3132" 261 -0.573254994173038 1.2
"3133" 262 -0.0644896987527923 0.1
"3135" 262 -0.125006155280347 0.3
"3141" 262 -0.306555524863009 0.9
"3143" 262 -0.367071981390564 1.1
"3144" 262 -0.397330209654341 1.2
"3145" 263 -0.260499886927772 0.1
"3148" 263 -0.347338692154769 0.4
"3150" 263 -0.405231228972767 0.6
"3151" 263 -0.434177497381765 0.7
"3152" 263 -0.463123765790764 0.8
"3153" 263 -0.492070034199763 0.9
"3155" 263 -0.549962571017761 1.1
"3157" 264 0.103079530212444 0.1
"3159" 264 0.0480856814941687 0.3
"3161" 264 -0.00690816722410642 0.5
"3162" 264 -0.034405091583244 0.6
"3163" 264 -0.0619020159423815 0.7
"3164" 264 -0.0893989403015191 0.8
"3165" 264 -0.116895864660657 0.9
"3166" 264 -0.144392789019794 1
"3170" 265 -0.132718268389342 0.2
"3173" 265 -0.221170572993309 0.5
"3175" 265 -0.280138776062621 0.7
"3176" 265 -0.309622877597277 0.8
"3177" 265 -0.339106979131932 0.9
"3181" 266 -0.240159867134935 0.1
"3183" 266 -0.298508838338998 0.3
"3184" 266 -0.32768332394103 0.4
"3187" 266 -0.415206780747124 0.7
"3189" 266 -0.473555751951187 0.9
"3190" 266 -0.502730237553219 1
"3193" 267 0.198963354886605 0.1
"3199" 267 0.117262666203544 0.7
"3201" 267 0.090029103309191 0.9
"3207" 268 -0.255864230981521 0.3
"3209" 268 -0.336624959564291 0.5
"3211" 268 -0.417385688147061 0.7
"3213" 268 -0.498146416729831 0.9
"3214" 268 -0.538526781021216 1
"3215" 268 -0.578907145312601 1.1
"3216" 268 -0.619287509603986 1.2
"3217" 269 -0.0485645619601744 0.1
"3218" 269 -0.0752197539664264 0.2
"3219" 269 -0.101874945972678 0.3
"3221" 269 -0.155185329985182 0.5
"3223" 269 -0.208495713997686 0.7
"3224" 269 -0.235150906003938 0.8
"3225" 269 -0.26180609801019 0.9
"3227" 269 -0.315116482022694 1.1
"3229" 270 0.224691439591772 0.1
"3231" 270 0.204450984464495 0.3
"3233" 270 0.184210529337219 0.5
"3235" 270 0.163970074209942 0.7
"3236" 270 0.153849846646304 0.8
"3243" 271 -0.286120083743601 0.3
"3244" 271 -0.322753410294493 0.4
"3245" 271 -0.359386736845386 0.5
"3248" 271 -0.469286716498065 0.8
"3250" 271 -0.54255336959985 1
"3252" 271 -0.615820022701636 1.2
"3253" 272 0.16784420904555 0.1
"3255" 272 0.151208038392587 0.3
"3256" 272 0.142889953066106 0.4
"3257" 272 0.134571867739625 0.5
"3258" 272 0.126253782413143 0.6
"3265" 273 -0.0367113097546263 0.1
"3266" 273 -0.0640724379508408 0.2
"3267" 273 -0.0914335661470553 0.3
"3269" 273 -0.146155822539484 0.5
"3270" 273 -0.173516950735699 0.6
"3271" 273 -0.200878078931913 0.7
"3276" 273 -0.337683719912986 1.2
"3277" 274 0.0529129381112429 0.1
"3278" 274 0.0469637042209866 0.2
"3279" 274 0.0410144703307302 0.3
"3281" 274 0.0291160025502176 0.5
"3282" 274 0.0231667686599612 0.6
"3284" 274 0.0112683008794486 0.8
"3289" 275 -0.04650504090837 0.1
"3290" 275 -0.0732892087863392 0.2
"3291" 275 -0.100073376664308 0.3
"3293" 275 -0.153641712420247 0.5
"3294" 275 -0.180425880298216 0.6
"3295" 275 -0.207210048176185 0.7
"3297" 275 -0.260778383932124 0.9
"3300" 275 -0.341130887566031 1.2
"3301" 276 0.194660758164982 0.1
"3302" 276 0.186326809575736 0.2
"3303" 276 0.17799286098649 0.3
"3308" 276 0.136323118040259 0.8
"3313" 277 -0.379156081692467 0.1
"3314" 277 -0.433590211437946 0.2
"3315" 277 -0.488024341183424 0.3
"3316" 277 -0.542458470928902 0.4
"3317" 277 -0.59689260067438 0.5
"3318" 277 -0.651326730419858 0.6
"3322" 277 -0.86906324940177 1
"3323" 277 -0.923497379147249 1.1
"3324" 277 -0.977931508892727 1.2
"3325" 278 -0.122430154099583 0.1
"3329" 278 -0.295025051193209 0.5
"3330" 278 -0.338173775466615 0.6
"3331" 278 -0.381322499740021 0.7
"3333" 278 -0.467619948286834 0.9
"3334" 278 -0.51076867256024 1
"3338" 279 -0.00219647695962405 0.2
"3339" 279 -0.020833421674029 0.3
"3340" 279 -0.039470366388434 0.4
"3341" 279 -0.058107311102839 0.5
"3344" 279 -0.114018145246054 0.8
"3345" 279 -0.132655089960459 0.9
"3346" 279 -0.151292034674864 1
"3350" 280 0.0506350269421605 0.2
"3352" 280 0.00309613689044054 0.4
"3353" 280 -0.0206733081354194 0.5
"3354" 280 -0.0444427531612794 0.6
"3355" 280 -0.0682121981871394 0.7
"3358" 280 -0.139520533264719 1
"3361" 281 -0.171844512343274 0.1
"3362" 281 -0.198764065093964 0.2
"3363" 281 -0.225683617844654 0.3
"3364" 281 -0.252603170595344 0.4
"3365" 281 -0.279522723346034 0.5
"3367" 281 -0.333361828847414 0.7
"3372" 281 -0.467959592600864 1.2
"3373" 282 -0.154350475410045 0.1
"3374" 282 -0.171892637253113 0.2
"3378" 282 -0.242061284625388 0.6
"3379" 282 -0.259603446468457 0.7
"3381" 282 -0.294687770154595 0.9
"3382" 282 -0.312229931997663 1
"3384" 282 -0.347314255683801 1.2
"3385" 283 -0.14658643222004 0.1
"3386" 283 -0.177969223951961 0.2
"3387" 283 -0.209352015683883 0.3
"3390" 283 -0.303500390879646 0.6
"3391" 283 -0.334883182611567 0.7
"3393" 283 -0.39764876607541 0.9
"3395" 283 -0.460414349539252 1.1
"3399" 284 -0.0710031630314435 0.3
"3400" 284 -0.0916697496121657 0.4
"3402" 284 -0.13300292277361 0.6
"3403" 284 -0.153669509354332 0.7
"3408" 284 -0.257002442257944 1.2
"3411" 285 -0.236176798241757 0.3
"3412" 285 -0.274573994077333 0.4
"3413" 285 -0.312971189912909 0.5
"3414" 285 -0.351368385748485 0.6
"3415" 285 -0.389765581584061 0.7
"3416" 285 -0.428162777419637 0.8
"3420" 285 -0.581751560761941 1.2
"3422" 286 0.31899505417849 0.2
"3423" 286 0.310935091075734 0.3
"3424" 286 0.302875127972978 0.4
"3425" 286 0.294815164870222 0.5
"3435" 287 -0.34101918917596 0.3
"3438" 287 -0.424762702356267 0.6
"3439" 287 -0.452677206749703 0.7
"3440" 287 -0.480591711143139 0.8
"3442" 287 -0.536420719930011 1
"3443" 287 -0.564335224323447 1.1
"3445" 288 -0.179637270741736 0.1
"3446" 288 -0.20469398861877 0.2
"3447" 288 -0.229750706495804 0.3
"3448" 288 -0.254807424372839 0.4
"3450" 288 -0.304920860126908 0.6
"3452" 288 -0.355034295880976 0.8
"3457" 289 -0.0672845474365645 0.1
"3459" 289 -0.142192856070926 0.3
"3464" 289 -0.329463627656831 0.8
"3465" 289 -0.366917781974012 0.9
"3467" 289 -0.441826090608374 1.1
"3468" 289 -0.479280244925555 1.2
"3470" 290 -0.0998292943064121 0.2
"3472" 290 -0.148383287136955 0.4
"3474" 290 -0.196937279967497 0.6
"3475" 290 -0.221214276382768 0.7
"3476" 290 -0.24549127279804 0.8
"3477" 290 -0.269768269213311 0.9
"3481" 291 -0.106804758113362 0.1
"3482" 291 -0.142618269674659 0.2
"3483" 291 -0.178431781235956 0.3
"3484" 291 -0.214245292797254 0.4
"3486" 291 -0.285872315919848 0.6
"3487" 291 -0.321685827481146 0.7
"3488" 291 -0.357499339042443 0.8
"3489" 291 -0.39331285060374 0.9
"3490" 291 -0.429126362165038 1
"3492" 291 -0.500753385287632 1.2
"3493" 292 0.102195097027297 0.1
"3494" 292 0.0794677034269998 0.2
"3495" 292 0.0567403098267025 0.3
"3496" 292 0.0340129162264051 0.4
"3497" 292 0.0112855226261078 0.5
"3500" 292 -0.0568966581747843 0.8
"3505" 293 -0.292156769479402 0.1
"3506" 293 -0.309882272283732 0.2
"3507" 293 -0.327607775088063 0.3
"3511" 293 -0.398509786305385 0.7
"3513" 293 -0.433960791914046 0.9
"3517" 294 -0.340211630417248 0.1
"3520" 294 -0.453398235593916 0.4
"3521" 294 -0.491127103986139 0.5
"3522" 294 -0.528855972378361 0.6
"3523" 294 -0.566584840770584 0.7
"3524" 294 -0.604313709162807 0.8
"3525" 294 -0.64204257755503 0.9
"3527" 294 -0.717500314339475 1.1
"3529" 295 0.086028979810956 0.1
"3530" 295 0.0578372919688068 0.2
"3531" 295 0.0296456041266576 0.3
"3541" 296 0.194236788496783 0.1
"3543" 296 0.176373086427152 0.3
"3545" 296 0.158509384357522 0.5
"3547" 296 0.140645682287891 0.7
"3548" 296 0.131713831253076 0.8
"3549" 296 0.122781980218261 0.9
"3553" 297 -0.0516992557524596 0.1
"3554" 297 -0.0729081711846305 0.2
"3555" 297 -0.0941170866168013 0.3
"3557" 297 -0.136534917481143 0.5
"3562" 297 -0.242579494641997 1
"3563" 297 -0.263788410074168 1.1
"3564" 297 -0.284997325506339 1.2
"3565" 298 -0.0428887046621751 0.1
"3567" 298 -0.0976401234585369 0.3
"3568" 298 -0.125015832856718 0.4
"3569" 298 -0.152391542254899 0.5
"3571" 298 -0.20714296105126 0.7
"3573" 298 -0.261894379847622 0.9
"3574" 298 -0.289270089245803 1
"3576" 298 -0.344021508042165 1.2
"3578" 299 -0.115861308386385 0.2
"3580" 299 -0.160292814084985 0.4
"3582" 299 -0.204724319783585 0.6
"3585" 299 -0.271371578331484 0.9
"3586" 299 -0.293587331180784 1
"3588" 299 -0.338018836879384 1.2
"3589" 300 0.212648954704953 0.1
"3590" 300 0.205148191418802 0.2
"3591" 300 0.197647428132651 0.3
"3593" 300 0.182645901560349 0.5
"3594" 300 0.175145138274198 0.6
"3595" 300 0.167644374988046 0.7
"3601" 301 -0.327172791260089 0.1
"3603" 301 -0.381785488146583 0.3
"3605" 301 -0.436398185033077 0.5
"3607" 301 -0.49101088191957 0.7
"3608" 301 -0.518317230362817 0.8
"3609" 301 -0.545623578806064 0.9
"3613" 302 0.0974411259175179 0.1
"3614" 302 0.0723870912425109 0.2
"3617" 302 -0.00277501278250994 0.5
"3618" 302 -0.0278290474575169 0.6
"3619" 302 -0.0528830821325238 0.7
"3620" 302 -0.0779371168075308 0.8
"3621" 302 -0.102991151482538 0.9
"3622" 302 -0.128045186157545 1
"3623" 302 -0.153099220832552 1.1
"3624" 302 -0.178153255507559 1.2
"3627" 303 0.16248688162349 0.3
"3629" 303 0.134876058514855 0.5
"3632" 303 0.0934598238519025 0.8
"3636" 303 0.0382381776346329 1.2
"3637" 304 -0.0603349681186049 0.1
"3641" 304 -0.18962348302697 0.5
"3642" 304 -0.221945611754062 0.6
"3643" 304 -0.254267740481153 0.7
"3644" 304 -0.286589869208244 0.8
"3648" 304 -0.41587838411661 1.2
"3650" 305 0.102916823787294 0.2
"3652" 305 0.0881041275799333 0.4
"3654" 305 0.0732914313725729 0.6
"3655" 305 0.0658850832688926 0.7
"3664" 306 -0.384793311664294 0.4
"3665" 306 -0.414897849337029 0.5
"3666" 306 -0.445002387009764 0.6
"3667" 306 -0.475106924682499 0.7
"3668" 306 -0.505211462355235 0.8
"3669" 306 -0.53531600002797 0.9
"3670" 306 -0.565420537700705 1
"3671" 306 -0.59552507537344 1.1
"3673" 307 -0.169596497562694 0.1
"3674" 307 -0.192238195134343 0.2
"3679" 307 -0.305446682992591 0.7
"3680" 307 -0.328088380564241 0.8
"3685" 308 0.142696621790744 0.1
"3686" 308 0.13310761246075 0.2
"3688" 308 0.113929593800762 0.4
"3690" 308 0.0947515751407731 0.6
"3697" 309 0.0621707362424061 0.1
"3701" 309 -0.0281859721451648 0.5
"3702" 309 -0.0507751492420576 0.6
"3703" 309 -0.0733643263389503 0.7
"3706" 309 -0.141131857629628 1
"3707" 309 -0.163721034726521 1.1
"3709" 310 -0.352651352204112 0.1
"3710" 310 -0.393064767969881 0.2
"3711" 310 -0.433478183735649 0.3
"3713" 310 -0.514305015267187 0.5
"3714" 310 -0.554718431032956 0.6
"3716" 310 -0.635545262564493 0.8
"3717" 310 -0.675958678330262 0.9
"3718" 310 -0.716372094096031 1
"3719" 310 -0.756785509861799 1.1
"3722" 311 -0.11318722253212 0.2
"3723" 311 -0.14346524646046 0.3
"3724" 311 -0.1737432703888 0.4
"3726" 311 -0.234299318245479 0.6
"3728" 311 -0.294855366102159 0.8
"3730" 311 -0.355411413958838 1
"3731" 311 -0.385689437887178 1.1
"3732" 311 -0.415967461815517 1.2
"3735" 312 -0.0680844006413793 0.3
"3736" 312 -0.0948131263813203 0.4
"3738" 312 -0.148270577861202 0.6
"3739" 312 -0.174999303601143 0.7
"3744" 312 -0.308642932300849 1.2
"3745" 313 -0.263428211517344 0.1
"3747" 313 -0.315709717200452 0.3
"3749" 313 -0.367991222883561 0.5
"3751" 313 -0.420272728566669 0.7
"3752" 313 -0.446413481408223 0.8
"3754" 313 -0.498694987091332 1
"3755" 313 -0.524835739932886 1.1
"3757" 314 -0.279326173778809 0.1
"3758" 314 -0.303266141580097 0.2
"3759" 314 -0.327206109381386 0.3
"3761" 314 -0.375086044983963 0.5
"3763" 314 -0.42296598058654 0.7
"3770" 315 -0.0528798832755224 0.2
"3771" 315 -0.0753396984169973 0.3
"3772" 315 -0.0977995135584723 0.4
"3773" 315 -0.120259328699947 0.5
"3776" 315 -0.187638774124372 0.8
"3780" 315 -0.277478034690272 1.2
"3781" 316 -0.155969504645828 0.1
"3783" 316 -0.192867926784845 0.3
"3784" 316 -0.211317137854353 0.4
"3785" 316 -0.229766348923862 0.5
"3787" 316 -0.266664771062879 0.7
"3788" 316 -0.285113982132388 0.8
"3791" 316 -0.340461615340914 1.1
"3792" 316 -0.358910826410422 1.2
"3793" 317 0.237222843025207 0.1
"3794" 317 0.236305647639447 0.2
"3795" 317 0.235388452253687 0.3
"3797" 317 0.233554061482167 0.5
"3798" 317 0.232636866096407 0.6
"3805" 318 0.0183924799879993 0.1
"3806" 318 -0.000155991686260661 0.2
"3808" 318 -0.0372529350347807 0.4
"3811" 318 -0.0928983500575607 0.7
"3813" 318 -0.129995293406081 0.9
"3814" 318 -0.148543765080341 1
"3817" 319 0.304103853569307 0.1
"3818" 319 0.273372454396173 0.2
"3821" 319 0.18117825687677 0.5
"3822" 319 0.150446857703636 0.6
"3823" 319 0.119715458530502 0.7
"3825" 319 0.0582526601842336 0.9
"3829" 320 0.438673221096413 0.1
"3830" 320 0.428549989541245 0.2
"3832" 320 0.408303526430909 0.4
"3835" 320 0.377933831765406 0.7
"3836" 320 0.367810600210238 0.8
"3838" 320 0.347564137099902 1
"3841" 321 0.0685311864687952 0.1
"3842" 321 0.0431334368931317 0.2
"3843" 321 0.0177356873174681 0.3
"3844" 321 -0.00766206225819548 0.4
"3845" 321 -0.033059811833859 0.5
"3846" 321 -0.0584575614095226 0.6
"3847" 321 -0.0838553109851861 0.7
"3848" 321 -0.10925306056085 0.8
"3849" 321 -0.134650810136513 0.9
"3851" 321 -0.18544630928784 1.1
"3852" 321 -0.210844058863504 1.2
"3853" 322 0.101280578592117 0.1
"3855" 322 0.0571539621964388 0.3
"3856" 322 0.0350906539985995 0.4
"3858" 322 -0.00903596239707904 0.6
"3860" 322 -0.0531625787927577 0.8
"3863" 322 -0.119352503386276 1.1
"3864" 322 -0.141415811584115 1.2
"3874" 323 -0.615356171134199 1
"3875" 323 -0.658356105999993 1.1
"3876" 323 -0.701356040865788 1.2
"3877" 324 0.0528262314844865 0.1
"3881" 324 -0.0351126076426513 0.5
"3882" 324 -0.0570973174244357 0.6
"3883" 324 -0.0790820272062201 0.7
"3889" 325 -0.256033600652784 0.1
"3890" 325 -0.287674074454908 0.2
"3891" 325 -0.319314548257031 0.3
"3892" 325 -0.350955022059154 0.4
"3894" 325 -0.4142359696634 0.6
"3895" 325 -0.445876443465523 0.7
"3897" 325 -0.50915739106977 0.9
"3898" 325 -0.540797864871893 1
"3899" 325 -0.572438338674016 1.1
"3900" 325 -0.604078812476139 1.2
"3901" 326 0.0366615216887768 0.1
"3902" 326 -0.0078568503552963 0.2
"3904" 326 -0.0968935944434425 0.4
"3907" 326 -0.230448710575662 0.7
"3908" 326 -0.274967082619735 0.8
"3909" 326 -0.319485454663808 0.9
"3914" 327 0.0445986428599436 0.2
"3915" 327 0.0239417479865022 0.3
"3916" 327 0.00328485311306073 0.4
"3917" 327 -0.0173720417603807 0.5
"3918" 327 -0.0380289366338221 0.6
"3921" 327 -0.0999996212541464 0.9
"3922" 327 -0.120656516127588 1
"3926" 328 0.259064417386313 0.2
"3928" 328 0.212635376006174 0.4
"3929" 328 0.189420855316104 0.5
"3930" 328 0.166206334626034 0.6
"3931" 328 0.142991813935965 0.7
"3933" 328 0.0965627725558253 0.9
"3937" 329 0.0135648084058422 0.1
"3939" 329 -0.0353184230995433 0.3
"3942" 329 -0.108643270357621 0.6
"3943" 329 -0.133084886110314 0.7
"3945" 329 -0.1819681176157 0.9
"3946" 329 -0.206409733368392 1
"3947" 329 -0.230851349121085 1.1
"3949" 330 0.0476292729624415 0.1
"3951" 330 -0.018276611020934 0.3
"3952" 330 -0.0512295530126217 0.4
"3955" 330 -0.150088378987685 0.7
"3957" 330 -0.21599426297106 0.9
"3959" 330 -0.281900146954436 1.1
"3961" 331 -0.0108446135463768 0.1
"3963" 331 -0.047915513864537 0.3
"3966" 331 -0.103521864341777 0.6
"3968" 331 -0.140592764659938 0.8
"3970" 331 -0.177663664978098 1
"3971" 331 -0.196199115137178 1.1
"3973" 332 0.0410306300116696 0.1
"3974" 332 0.0156451174152242 0.2
"3975" 332 -0.00974039518122111 0.3
"3976" 332 -0.0351259077776665 0.4
"3977" 332 -0.0605114203741118 0.5
"3979" 332 -0.111282445567003 0.7
"3981" 332 -0.162053470759893 0.9
"3983" 332 -0.212824495952784 1.1
"3986" 333 -0.222791100418614 0.2
"3988" 333 -0.308791121812042 0.4
"3989" 333 -0.351791132508756 0.5
"3990" 333 -0.39479114320547 0.6
"3991" 333 -0.437791153902185 0.7
"3992" 333 -0.480791164598899 0.8
"3994" 333 -0.566791185992327 1
"3996" 333 -0.652791207385755 1.2
"3998" 334 -0.103223761811152 0.2
"3999" 334 -0.13110586896516 0.3
"4001" 334 -0.186870083273177 0.5
"4002" 334 -0.214752190427185 0.6
"4003" 334 -0.242634297581194 0.7
"4004" 334 -0.270516404735202 0.8
"4005" 334 -0.29839851188921 0.9
"4013" 335 -0.220530841253263 0.5
"4014" 335 -0.249173107526362 0.6
"4015" 335 -0.277815373799461 0.7
"4016" 335 -0.306457640072559 0.8
"4017" 335 -0.335099906345658 0.9
"4018" 335 -0.363742172618757 1
"4019" 335 -0.392384438891856 1.1
"4020" 335 -0.421026705164955 1.2
"4026" 336 0.0370494747318986 0.6
"4027" 336 0.018863536272816 0.7
"4028" 336 0.000677597813733277 0.8
"4029" 336 -0.0175083406453494 0.9
"4033" 337 -0.00211740970481471 0.1
"4034" 337 -0.0197612712654927 0.2
"4035" 337 -0.0374051328261707 0.3
"4037" 337 -0.0726928559475267 0.5
"4038" 337 -0.0903367175082047 0.6
"4042" 337 -0.160912163750917 1
"4043" 337 -0.178556025311595 1.1
"4046" 338 -0.182766554718256 0.2
"4049" 338 -0.319275248823931 0.5
"4051" 338 -0.41028104489438 0.7
"4052" 338 -0.455783942929605 0.8
"4054" 338 -0.546789739000055 1
"4057" 339 0.123779293303774 0.1
"4059" 339 0.0903593842678944 0.3
"4071" 340 0.0505610991771547 0.3
"4073" 340 0.00169266847721473 0.5
"4075" 340 -0.0471757622227252 0.7
"4076" 340 -0.0716099775726952 0.8
"4077" 340 -0.0960441929226652 0.9
"4079" 340 -0.144912623622605 1.1
"4080" 340 -0.169346838972575 1.2
"4082" 341 -0.270617776472771 0.2
"4084" 341 -0.323428349091196 0.4
"4088" 341 -0.429049494328047 0.8
"4094" 342 0.0689348981078763 0.2
"4096" 342 0.0212567680430798 0.4
"4100" 342 -0.0740994920865133 0.8
"4101" 342 -0.0979385571189115 0.9
"4102" 342 -0.12177762215131 1
"4104" 342 -0.169455752216106 1.2
"4105" 343 -0.312530037539955 0.1
"4106" 343 -0.340571789749439 0.2
"4109" 343 -0.42469704637789 0.5
"4112" 343 -0.508822303006341 0.8
"4113" 343 -0.536864055215825 0.9
"4114" 343 -0.564905807425309 1
"4115" 343 -0.592947559634792 1.1
"4116" 343 -0.620989311844276 1.2
"4118" 344 0.193602142735906 0.2
"4120" 344 0.150827753794407 0.4
"4124" 344 0.0652789759114088 0.8
"4125" 344 0.0438917814406592 0.9
"4126" 344 0.0225045869699097 1
"4128" 344 -0.0202698019715895 1.2
"4129" 345 0.125605846024283 0.1
"4130" 345 0.0993571717882558 0.2
"4132" 345 0.0468598233162012 0.4
"4133" 345 0.0206111490801738 0.5
"4135" 345 -0.0318861993918808 0.7
"4136" 345 -0.0581348736279082 0.8
"4138" 345 -0.110632222099963 1
"4144" 346 0.0771272141782746 0.4
"4149" 346 0.0302869301077796 0.9
"4153" 347 0.384462671839316 0.1
"4154" 347 0.375629313581083 0.2
"4155" 347 0.366795955322851 0.3
"4156" 347 0.357962597064618 0.4
"4159" 347 0.331462522289919 0.7
"4160" 347 0.322629164031686 0.8
"4164" 347 0.287295730998755 1.2
"4165" 348 0.115311605669036 0.1
"4167" 348 0.083310654896258 0.3
"4168" 348 0.0673101795098691 0.4
"4170" 348 0.0353092287370914 0.6
"4171" 348 0.0193087533507026 0.7
"4173" 348 -0.0126921974220751 0.9
"4177" 349 -0.346169823618473 0.1
"4180" 349 -0.438147588896277 0.4
"4181" 349 -0.468806843988879 0.5
"4185" 349 -0.591443864359284 0.9
"4186" 349 -0.622103119451886 1
"4187" 349 -0.652762374544487 1.1
"4188" 349 -0.683421629637089 1.2
"4190" 350 0.0812780783403059 0.2
"4191" 350 0.0510601408990031 0.3
"4193" 350 -0.00937573398360256 0.5
"4195" 350 -0.0698116088662082 0.7
"4196" 350 -0.100029546307511 0.8
"4199" 350 -0.19068335863142 1.1
"4202" 351 0.0462093226955086 0.2
"4203" 351 0.0282876919405922 0.3
"4205" 351 -0.00755556956924062 0.5
"4209" 351 -0.0792420925889062 0.9
"4213" 352 -0.18927409092761 0.1
"4215" 352 -0.250806816135437 0.3
"4216" 352 -0.281573178739351 0.4
"4217" 352 -0.312339541343265 0.5
"4218" 352 -0.343105903947179 0.6
"4219" 352 -0.373872266551093 0.7
"4220" 352 -0.404638629155007 0.8
"4222" 352 -0.466171354362834 1
"4223" 352 -0.496937716966748 1.1
"4224" 352 -0.527704079570662 1.2
"4225" 353 -0.0238450538732938 0.1
"4226" 353 -0.0518083448138246 0.2
"4228" 353 -0.107734926694886 0.4
"4229" 353 -0.135698217635417 0.5
"4230" 353 -0.163661508575948 0.6
"4233" 353 -0.24755138139754 0.9
"4234" 353 -0.275514672338071 1
"4239" 354 0.0537548913968295 0.3
"4240" 354 0.0299501645010048 0.4
"4242" 354 -0.0176592892906446 0.6
"4243" 354 -0.0414640161864692 0.7
"4244" 354 -0.065268743082294 0.8
"4251" 355 -0.226683168899391 0.3
"4252" 355 -0.234720649386958 0.4
"4254" 355 -0.25079561036209 0.6
"4255" 355 -0.258833090849657 0.7
"4257" 355 -0.27490805182479 0.9
"4262" 356 0.182262387965152 0.2
"4263" 356 0.167051236977662 0.3
"4268" 356 0.0909954820402163 0.8
"4272" 356 0.0301508780902595 1.2
"4273" 357 -0.0721494855382917 0.1
"4274" 357 -0.0960277581744504 0.2
"4275" 357 -0.119906030810609 0.3
"4276" 357 -0.143784303446768 0.4
"4281" 357 -0.263175666627562 0.9
"4282" 357 -0.287053939263721 1
"4284" 357 -0.334810484536038 1.2
"4285" 358 0.340802052725149 0.1
"4291" 358 0.220936435695382 0.7
"4292" 358 0.200958832857087 0.8
"4293" 358 0.180981230018793 0.9
"4297" 359 -0.242251027774028 0.1
"4299" 359 -0.314964293842077 0.3
"4300" 359 -0.351320926876102 0.4
"4301" 359 -0.387677559910126 0.5
"4302" 359 -0.424034192944151 0.6
"4303" 359 -0.460390825978176 0.7
"4305" 359 -0.533104092046225 0.9
"4306" 359 -0.56946072508025 1
"4307" 359 -0.605817358114274 1.1
"4308" 359 -0.642173991148299 1.2
"4309" 360 0.24295352405958 0.1
"4310" 360 0.230524287003895 0.2
"4311" 360 0.218095049948209 0.3
"4313" 360 0.193236575836839 0.5
"4318" 360 0.131090390558414 1
"4323" 361 -0.028435581086783 0.3
"4325" 361 -0.066092945279712 0.5
"4326" 361 -0.0849216273761765 0.6
"4327" 361 -0.103750309472641 0.7
"4328" 361 -0.122578991569106 0.8
"4333" 362 -0.113946631654238 0.1
"4334" 362 -0.134197666660102 0.2
"4337" 362 -0.194950771677694 0.5
"4339" 362 -0.235452841689422 0.7
"4344" 362 -0.336708016718742 1.2
"4345" 363 -0.461021276555567 0.1
"4346" 363 -0.496805818367871 0.2
"4349" 363 -0.604159443804783 0.5
"4350" 363 -0.639943985617088 0.6
"4351" 363 -0.675728527429392 0.7
"4352" 363 -0.711513069241696 0.8
"4356" 363 -0.854651236490913 1.2
"4357" 364 -0.239810689451525 0.1
"4359" 364 -0.324879622526778 0.3
"4360" 364 -0.367414089064405 0.4
"4364" 364 -0.53755195521491 0.8
"4365" 364 -0.580086421752537 0.9
"4368" 364 -0.707689821365416 1.2
"4369" 365 -0.205444274988683 0.1
"4370" 365 -0.248153518382146 0.2
"4371" 365 -0.29086276177561 0.3
"4372" 365 -0.333572005169073 0.4
"4373" 365 -0.376281248562537 0.5
"4374" 365 -0.418990491956 0.6
"4375" 365 -0.461699735349463 0.7
"4376" 365 -0.504408978742927 0.8
"4377" 365 -0.54711822213639 0.9
"4378" 365 -0.589827465529854 1
"4379" 365 -0.632536708923317 1.1
"4381" 366 -0.205785647366431 0.1
"4382" 366 -0.237140100679373 0.2
"4383" 366 -0.268494553992315 0.3
"4390" 366 -0.487975727182912 1
"4391" 366 -0.519330180495854 1.1
"4395" 367 -0.213884167782681 0.3
"4398" 367 -0.315392668343435 0.6
"4407" 368 -0.384607209212139 0.3
"4413" 368 -0.596158475354773 0.9
"4414" 368 -0.631417019711878 1
"4416" 368 -0.701934108426089 1.2
"4417" 369 -0.131502217171821 0.1
"4418" 369 -0.169020772080408 0.2
"4420" 369 -0.244057881897583 0.4
"4421" 369 -0.28157643680617 0.5
"4423" 369 -0.356613546623344 0.7
"4424" 369 -0.394132101531931 0.8
"4425" 369 -0.431650656440519 0.9
"4426" 369 -0.469169211349106 1
"4428" 369 -0.54420632116628 1.2
"4429" 370 0.313531894062629 0.1
"4430" 370 0.294959222437046 0.2
"4431" 370 0.276386550811463 0.3
"4443" 371 -0.262310508640793 0.3
"4444" 371 -0.29014441949845 0.4
"4445" 371 -0.317978330356107 0.5
"4447" 371 -0.37364615207142 0.7
"4448" 371 -0.401480062929077 0.8
"4449" 371 -0.429313973786734 0.9
"4451" 371 -0.484981795502048 1.1
"4452" 371 -0.512815706359705 1.2
"4458" 372 -0.288893140918678 0.6
"4459" 372 -0.316845274137692 0.7
"4460" 372 -0.344797407356706 0.8
"4462" 372 -0.400701673794733 1
"4465" 373 -0.270540918593208 0.1
"4466" 373 -0.293605638587674 0.2
"4467" 373 -0.316670358582139 0.3
"4469" 373 -0.36279979857107 0.5
"4474" 373 -0.478123398543398 1
"4476" 373 -0.524252838532329 1.2
"4480" 374 0.254336916282927 0.4
"4481" 374 0.239881808533734 0.5
"4482" 374 0.225426700784542 0.6
"4484" 374 0.196516485286156 0.8
"4485" 374 0.182061377536963 0.9
"4486" 374 0.16760626978777 1
"4488" 374 0.138696054289385 1.2
"4489" 375 0.338165902022362 0.1
"4490" 375 0.32991247341387 0.2
"4491" 375 0.321659044805378 0.3
"4492" 375 0.313405616196886 0.4
"4493" 375 0.305152187588394 0.5
"4495" 375 0.28864533037141 0.7
"4502" 376 0.0613659292233675 0.2
"4503" 376 0.0406923035194425 0.3
"4504" 376 0.0200186778155175 0.4
"4505" 376 -0.000654947888407476 0.5
"4507" 376 -0.0420021992962575 0.7
"4508" 376 -0.0626758250001825 0.8
"4509" 376 -0.0833494507041075 0.9
"4510" 376 -0.104023076408032 1
"4514" 377 -0.217044875855732 0.2
"4515" 377 -0.249907360277566 0.3
"4516" 377 -0.282769844699401 0.4
"4517" 377 -0.315632329121235 0.5
"4518" 377 -0.348494813543069 0.6
"4521" 377 -0.447082266808571 0.9
"4524" 377 -0.545669720074074 1.2
"4525" 378 0.424423305022583 0.1
"4526" 378 0.42053217052461 0.2
"4527" 378 0.416641036026637 0.3
"4529" 378 0.408858767030691 0.5
"4530" 378 0.404967632532718 0.6
"4532" 378 0.397185363536772 0.8
"4538" 379 0.0344662360899135 0.2
"4540" 379 -0.00864613340949927 0.4
"4541" 379 -0.0302023181592056 0.5
"4544" 379 -0.0948708724083248 0.8
"4545" 379 -0.116427057158031 0.9
"4547" 379 -0.159539426657444 1.1
"4548" 379 -0.18109561140715 1.2
"4549" 380 0.0543313805031147 0.1
"4550" 380 0.0331063689318614 0.2
"4554" 380 -0.0517936773531519 0.6
"4557" 380 -0.115468712066912 0.9
"4558" 380 -0.136693723638165 1
"4559" 380 -0.157918735209419 1.1
"4561" 381 -0.15671349634306 0.1
"4562" 381 -0.18117798755662 0.2
"4564" 381 -0.230106969983738 0.4
"4566" 381 -0.279035952410856 0.6
"4568" 381 -0.327964934837974 0.8
"4570" 381 -0.376893917265093 1
"4574" 382 0.0386957865431818 0.2
"4576" 382 0.00541375070308189 0.4
"4577" 382 -0.0112272672169681 0.5
"4578" 382 -0.027868285137018 0.6
"4580" 382 -0.061150320977118 0.8
"4581" 382 -0.0777913388971679 0.9
"4582" 382 -0.0944323568172179 1
"4584" 382 -0.127714392657318 1.2
"4585" 383 0.0256244867764648 0.1
"4588" 383 -0.0486265096787796 0.4
"4589" 383 -0.0733768418305278 0.5
"4591" 383 -0.122877506134024 0.7
"4592" 383 -0.147627838285772 0.8
"4598" 384 0.0395572677234011 0.2
"4599" 384 0.0220421963132932 0.3
"4600" 384 0.00452712490318534 0.4
"4601" 384 -0.0129879465069225 0.5
"4602" 384 -0.0305030179170304 0.6
"4603" 384 -0.0480180893271382 0.7
"4605" 384 -0.083048232147354 0.9
"4606" 384 -0.100563303557462 1
"4607" 384 -0.11807837496757 1.1
"4608" 384 -0.135593446377678 1.2
"4609" 385 -0.0527356195424279 0.1
"4610" 385 -0.0765779901180706 0.2
"4612" 385 -0.124262731269356 0.4
"4614" 385 -0.171947472420641 0.6
"4615" 385 -0.195789842996284 0.7
"4616" 385 -0.219632213571927 0.8
"4617" 385 -0.243474584147569 0.9
"4618" 385 -0.267316954723212 1
"4619" 385 -0.291159325298855 1.1
"4620" 385 -0.315001695874498 1.2
"4621" 386 -0.333069573244158 0.1
"4624" 386 -0.423885100138947 0.4
"4625" 386 -0.454156942437209 0.5
"4626" 386 -0.484428784735472 0.6
"4628" 386 -0.544972469331998 0.8
"4629" 386 -0.575244311630261 0.9
"4633" 387 0.303894508235773 0.1
"4634" 387 0.28929511205811 0.2
"4635" 387 0.274695715880447 0.3
"4636" 387 0.260096319702784 0.4
"4637" 387 0.245496923525122 0.5
"4638" 387 0.230897527347459 0.6
"4640" 387 0.201698734992133 0.8
"4642" 387 0.172499942636807 1
"4643" 387 0.157900546459144 1.1
"4644" 387 0.143301150281481 1.2
"4645" 388 0.200857842521177 0.1
"4646" 388 0.1811412385429 0.2
"4647" 388 0.161424634564624 0.3
"4649" 388 0.12199142660807 0.5
"4650" 388 0.102274822629794 0.6
"4661" 389 -0.373244006553357 0.5
"4662" 389 -0.406735871843989 0.6
"4663" 389 -0.440227737134622 0.7
"4664" 389 -0.473719602425255 0.8
"4665" 389 -0.507211467715888 0.9
"4666" 389 -0.54070333300652 1
"4667" 389 -0.574195198297153 1.1
"4668" 389 -0.607687063587786 1.2
"4669" 390 0.448588692646037 0.1
"4670" 390 0.446167505431458 0.2
"4671" 390 0.443746318216879 0.3
"4672" 390 0.4413251310023 0.4
"4674" 390 0.436482756573142 0.6
"4676" 390 0.431640382143984 0.8
"4678" 390 0.426798007714826 1
"4680" 390 0.421955633285668 1.2
"4682" 391 0.0206342109300774 0.2
"4684" 391 -0.0245510226011884 0.4
"4685" 391 -0.0471436393668213 0.5
"4691" 391 -0.182699339960619 1.1
"4695" 392 0.119586042061313 0.3
"4697" 392 0.0731169634761392 0.5
"4701" 392 -0.0198211936942085 0.9
"4704" 392 -0.0895248115719691 1.2
"4705" 393 -0.0428570248851786 0.1
"4707" 393 -0.0937512115161208 0.3
"4709" 393 -0.144645398147063 0.5
"4710" 393 -0.170092491462534 0.6
"4711" 393 -0.195539584778005 0.7
"4712" 393 -0.220986678093476 0.8
"4713" 393 -0.246433771408947 0.9
"4714" 393 -0.271880864724418 1
"4715" 393 -0.29732795803989 1.1
"4717" 394 0.116154754510622 0.1
"4718" 394 0.110771294985847 0.2
"4719" 394 0.105387835461073 0.3
"4721" 394 0.0946209164115247 0.5
"4733" 395 -0.822235546898065 0.5
"4735" 395 -0.912484586328535 0.7
"4739" 395 -1.09298266518948 1.1
"4740" 395 -1.13810718490471 1.2
"4743" 396 -0.291186339456243 0.3
"4744" 396 -0.333009290337222 0.4
"4745" 396 -0.374832241218201 0.5
"4747" 396 -0.458478142980159 0.7
"4748" 396 -0.500301093861139 0.8
"4750" 396 -0.583946995623097 1
"4753" 397 0.00559408732492399 0.1
"4754" 397 -0.0242440718770999 0.2
"4756" 397 -0.0839203902811476 0.4
"4757" 397 -0.113758549483172 0.5
"4759" 397 -0.173434867887219 0.7
"4761" 397 -0.233111186291267 0.9
"4762" 397 -0.262949345493291 1
"4763" 397 -0.292787504695315 1.1
"4764" 397 -0.322625663897339 1.2
"4765" 398 0.335183033345017 0.1
"4766" 398 0.32631841874781 0.2
"4777" 399 0.201046140829025 0.1
"4778" 399 0.183152631348308 0.2
"4779" 399 0.165259121867592 0.3
"4781" 399 0.12947210290616 0.5
"4782" 399 0.111578593425443 0.6
"4789" 400 -0.340457455975174 0.1
"4790" 400 -0.386540875017981 0.2
"4795" 400 -0.616957970232016 0.7
"4798" 400 -0.755208227360437 1
"4799" 400 -0.801291646403244 1.1
"4800" 400 -0.847375065446051 1.2
